13311686669556
13311686669557
13311686679556
13311686679557
13311686769556
13311686769557
13311686779556
13311686779557
13311686966655
13311686966755
13311686967655
13311686967755
13311686976655
13311686976755
13311686977655
13311686977755
13311687669556
13311687669557
13311687679556
13311687679557
13311687769556
13311687769557
13311687779556
13311687779557
13311687966655
13311687966755
13311687967655
13311687967755
13311687976655
13311687976755
13311687977655
13311687977755
13311696668556
13311696668557
13311696678556
13311696678557
13311696768556
13311696768557
13311696778556
13311696778557
13311696866655
13311696866755
13311696867655
13311696867755
13311696876655
13311696876755
13311696877655
13311696877755
13311697668556
13311697668557
13311697678556
13311697678557
13311697768556
13311697768557
13311697778556
13311697778557
13311697866655
13311697866755
13311697867655
13311697867755
13311697876655
13311697876755
13311697877655
13311697877755
13311786669556
13311786669557
13311786679556
13311786679557
13311786769556
13311786769557
13311786779556
13311786779557
13311786966655
13311786966755
13311786967655
13311786967755
13311786976655
13311786976755
13311786977655
13311786977755
13311787669556
13311787669557
13311787679556
13311787679557
13311787769556
13311787769557
13311787779556
13311787779557
13311787966655
13311787966755
13311787967655
13311787967755
13311787976655
13311787976755
13311787977655
13311787977755
13311796668556
13311796668557
13311796678556
13311796678557
13311796768556
13311796768557
13311796778556
13311796778557
13311796866655
13311796866755
13311796867655
13311796867755
13311796876655
13311796876755
13311796877655
13311796877755
13311797668556
13311797668557
13311797678556
13311797678557
13311797768556
13311797768557
13311797778556
13311797778557
13311797866655
13311797866755
13311797867655
13311797867755
13311797876655
13311797876755
13311797877655
13311797877755
13300466869666
13300466869667
13300466869676
13300466869677
13300466869766
13300466869767
13300466869776
13300466869777
13300466879666
13300466879667
13300466879676
13300466879677
13300466879766
13300466879767
13300466879776
13300466879777
13300466968666
13300466968667
13300466968676
13300466968677
13300466968766
13300466968767
13300466968776
13300466968777
13300466978666
13300466978667
13300466978676
13300466978677
13300466978766
13300466978767
13300466978776
13300466978777
13300467869666
13300467869667
13300467869676
13300467869677
13300467869766
13300467869767
13300467869776
13300467869777
13300467879666
13300467879667
13300467879676
13300467879677
13300467879766
13300467879767
13300467879776
13300467879777
13300467968666
13300467968667
13300467968676
13300467968677
13300467968766
13300467968767
13300467968776
13300467968777
13300467978666
13300467978667
13300467978676
13300467978677
13300467978766
13300467978767
13300467978776
13300467978777
13300476869666
13300476869667
13300476869676
13300476869677
13300476869766
13300476869767
13300476869776
13300476869777
13300476879666
13300476879667
13300476879676
13300476879677
13300476879766
13300476879767
13300476879776
13300476879777
13300476968666
13300476968667
13300476968676
13300476968677
13300476968766
13300476968767
13300476968776
13300476968777
13300476978666
13300476978667
13300476978676
13300476978677
13300476978766
13300476978767
13300476978776
13300476978777
13300477869666
13300477869667
13300477869676
13300477869677
13300477869766
13300477869767
13300477869776
13300477869777
13300477879666
13300477879667
13300477879676
13300477879677
13300477879766
13300477879767
13300477879776
13300477879777
13300477968666
13300477968667
13300477968676
13300477968677
13300477968766
13300477968767
13300477968776
13300477968777
13300477978666
13300477978667
13300477978676
13300477978677
13300477978766
13300477978767
13300477978776
13300477978777
13300726869666
13300726869667
13300726869676
13300726869677
13300726869766
13300726869767
13300726869776
13300726869777
13300726879666
13300726879667
13300726879676
13300726879677
13300726879766
13300726879767
13300726879776
13300726879777
13300726968666
13300726968667
13300726968676
13300726968677
13300726968766
13300726968767
13300726968776
13300726968777
13300726978666
13300726978667
13300726978676
13300726978677
13300726978766
13300726978767
13300726978776
13300726978777
13300727869666
13300727869667
13300727869676
13300727869677
13300727869766
13300727869767
13300727869776
13300727869777
13300727879666
13300727879667
13300727879676
13300727879677
13300727879766
13300727879767
13300727879776
13300727879777
13300727968666
13300727968667
13300727968676
13300727968677
13300727968766
13300727968767
13300727968776
13300727968777
13300727978666
13300727978667
13300727978676
13300727978677
13300727978766
13300727978767
13300727978776
13300727978777
13300736869666
13300736869667
13300736869676
13300736869677
13300736869766
13300736869767
13300736869776
13300736869777
13300736879666
13300736879667
13300736879676
13300736879677
13300736879766
13300736879767
13300736879776
13300736879777
13300736968666
13300736968667
13300736968676
13300736968677
13300736968766
13300736968767
13300736968776
13300736968777
13300736978666
13300736978667
13300736978676
13300736978677
13300736978766
13300736978767
13300736978776
13300736978777
13300737869666
13300737869667
13300737869676
13300737869677
13300737869766
13300737869767
13300737869776
13300737869777
13300737879666
13300737879667
13300737879676
13300737879677
13300737879766
13300737879767
13300737879776
13300737879777
13300737968666
13300737968667
13300737968676
13300737968677
13300737968766
13300737968767
13300737968776
13300737968777
13300737978666
13300737978667
13300737978676
13300737978677
13300737978766
13300737978767
13300737978776
13300737978777
13300746869666
13300746869667
13300746869676
13300746869677
13300746869766
13300746869767
13300746869776
13300746869777
13300746879666
13300746879667
13300746879676
13300746879677
13300746879766
13300746879767
13300746879776
13300746879777
13300746968666
13300746968667
13300746968676
13300746968677
13300746968766
13300746968767
13300746968776
13300746968777
13300746978666
13300746978667
13300746978676
13300746978677
13300746978766
13300746978767
13300746978776
13300746978777
13300747869666
13300747869667
13300747869676
13300747869677
13300747869766
13300747869767
13300747869776
13300747869777
13300747879666
13300747879667
13300747879676
13300747879677
13300747879766
13300747879767
13300747879776
13300747879777
13300747968666
13300747968667
13300747968676
13300747968677
13300747968766
13300747968767
13300747968776
13300747968777
13300747978666
13300747978667
13300747978676
13300747978677
13300747978766
13300747978767
13300747978776
13300747978777
13300756869666
13300756869667
13300756869676
13300756869677
13300756869766
13300756869767
13300756869776
13300756869777
13300756879666
13300756879667
13300756879676
13300756879677
13300756879766
13300756879767
13300756879776
13300756879777
13300756968666
13300756968667
13300756968676
13300756968677
13300756968766
13300756968767
13300756968776
13300756968777
13300756978666
13300756978667
13300756978676
13300756978677
13300756978766
13300756978767
13300756978776
13300756978777
13300757869666
13300757869667
13300757869676
13300757869677
13300757869766
13300757869767
13300757869776
13300757869777
13300757879666
13300757879667
13300757879676
13300757879677
13300757879766
13300757879767
13300757879776
13300757879777
13300757968666
13300757968667
13300757968676
13300757968677
13300757968766
13300757968767
13300757968776
13300757968777
13300757978666
13300757978667
13300757978676
13300757978677
13300757978766
13300757978767
13300757978776
13300757978777
13300763869666
13300763869667
13300763869676
13300763869677
13300763869766
13300763869767
13300763869776
13300763869777
13300763879666
13300763879667
13300763879676
13300763879677
13300763879766
13300763879767
13300763879776
13300763879777
13300763968666
13300763968667
13300763968676
13300763968677
13300763968766
13300763968767
13300763968776
13300763968777
13300763978666
13300763978667
13300763978676
13300763978677
13300763978766
13300763978767
13300763978776
13300763978777
13300766869566
13300766869567
13300766869576
13300766869577
13300766869662
13300766869672
13300766869762
13300766869772
13300766879566
13300766879567
13300766879576
13300766879577
13300766879662
13300766879672
13300766879762
13300766879772
13300766968566
13300766968567
13300766968576
13300766968577
13300766968662
13300766968672
13300766968762
13300766968772
13300766978566
13300766978567
13300766978576
13300766978577
13300766978662
13300766978672
13300766978762
13300766978772
13300767869566
13300767869567
13300767869576
13300767869577
13300767869662
13300767869672
13300767869762
13300767869772
13300767879566
13300767879567
13300767879576
13300767879577
13300767879662
13300767879672
13300767879762
13300767879772
13300767968566
13300767968567
13300767968576
13300767968577
13300767968662
13300767968672
13300767968762
13300767968772
13300767978566
13300767978567
13300767978576
13300767978577
13300767978662
13300767978672
13300767978762
13300767978772
13300773869666
13300773869667
13300773869676
13300773869677
13300773869766
13300773869767
13300773869776
13300773869777
13300773879666
13300773879667
13300773879676
13300773879677
13300773879766
13300773879767
13300773879776
13300773879777
13300773968666
13300773968667
13300773968676
13300773968677
13300773968766
13300773968767
13300773968776
13300773968777
13300773978666
13300773978667
13300773978676
13300773978677
13300773978766
13300773978767
13300773978776
13300773978777
13300776869566
13300776869567
13300776869576
13300776869577
13300776869662
13300776869672
13300776869762
13300776869772
13300776879566
13300776879567
13300776879576
13300776879577
13300776879662
13300776879672
13300776879762
13300776879772
13300776968566
13300776968567
13300776968576
13300776968577
13300776968662
13300776968672
13300776968762
13300776968772
13300776978566
13300776978567
13300776978576
13300776978577
13300776978662
13300776978672
13300776978762
13300776978772
13300777869566
13300777869567
13300777869576
13300777869577
13300777869662
13300777869672
13300777869762
13300777869772
13300777879566
13300777879567
13300777879576
13300777879577
13300777879662
13300777879672
13300777879762
13300777879772
13300777968566
13300777968567
13300777968576
13300777968577
13300777968662
13300777968672
13300777968762
13300777968772
13300777978566
13300777978567
13300777978576
13300777978577
13300777978662
13300777978672
13300777978762
13300777978772
