13300766869525
13300766869535
13300766869545
13300766869555
13300766869666
13300766869667
13300766869676
13300766869677
13300766869766
13300766869767
13300766869776
13300766869777
13300766879525
13300766879535
13300766879545
13300766879555
13300766879666
13300766879667
13300766879676
13300766879677
13300766879766
13300766879767
13300766879776
13300766879777
13300766968525
13300766968535
13300766968545
13300766968555
13300766968666
13300766968667
13300766968676
13300766968677
13300766968766
13300766968767
13300766968776
13300766968777
13300766978525
13300766978535
13300766978545
13300766978555
13300766978666
13300766978667
13300766978676
13300766978677
13300766978766
13300766978767
13300766978776
13300766978777
13300767869525
13300767869535
13300767869545
13300767869555
13300767869666
13300767869667
13300767869676
13300767869677
13300767869766
13300767869767
13300767869776
13300767869777
13300767879525
13300767879535
13300767879545
13300767879555
13300767879666
13300767879667
13300767879676
13300767879677
13300767879766
13300767879767
13300767879776
13300767879777
13300767968525
13300767968535
13300767968545
13300767968555
13300767968666
13300767968667
13300767968676
13300767968677
13300767968766
13300767968767
13300767968776
13300767968777
13300767978525
13300767978535
13300767978545
13300767978555
13300767978666
13300767978667
13300767978676
13300767978677
13300767978766
13300767978767
13300767978776
13300767978777
13300776869525
13300776869535
13300776869545
13300776869555
13300776869666
13300776869667
13300776869676
13300776869677
13300776869766
13300776869767
13300776869776
13300776869777
13300776879525
13300776879535
13300776879545
13300776879555
13300776879666
13300776879667
13300776879676
13300776879677
13300776879766
13300776879767
13300776879776
13300776879777
13300776968525
13300776968535
13300776968545
13300776968555
13300776968666
13300776968667
13300776968676
13300776968677
13300776968766
13300776968767
13300776968776
13300776968777
13300776978525
13300776978535
13300776978545
13300776978555
13300776978666
13300776978667
13300776978676
13300776978677
13300776978766
13300776978767
13300776978776
13300776978777
13300777869525
13300777869535
13300777869545
13300777869555
13300777869666
13300777869667
13300777869676
13300777869677
13300777869766
13300777869767
13300777869776
13300777869777
13300777879525
13300777879535
13300777879545
13300777879555
13300777879666
13300777879667
13300777879676
13300777879677
13300777879766
13300777879767
13300777879776
13300777879777
13300777968525
13300777968535
13300777968545
13300777968555
13300777968666
13300777968667
13300777968676
13300777968677
13300777968766
13300777968767
13300777968776
13300777968777
13300777978525
13300777978535
13300777978545
13300777978555
13300777978666
13300777978667
13300777978676
13300777978677
13300777978766
13300777978767
13300777978776
13300777978777
