13321686566955
13321686567955
13321686576955
13321686577955
13321686666955
13321686667955
13321686669556
13321686669557
13321686676955
13321686677955
13321686679556
13321686679557
13321686766955
13321686767955
13321686769556
13321686769557
13321686776955
13321686777955
13321686779556
13321686779557
13321687566955
13321687567955
13321687576955
13321687577955
13321687666955
13321687667955
13321687669556
13321687669557
13321687676955
13321687677955
13321687679556
13321687679557
13321687766955
13321687767955
13321687769556
13321687769557
13321687776955
13321687777955
13321687779556
13321687779557
13321696566855
13321696567855
13321696576855
13321696577855
13321696666855
13321696667855
13321696668556
13321696668557
13321696676855
13321696677855
13321696678556
13321696678557
13321696766855
13321696767855
13321696768556
13321696768557
13321696776855
13321696777855
13321696778556
13321696778557
13321697566855
13321697567855
13321697576855
13321697577855
13321697666855
13321697667855
13321697668556
13321697668557
13321697676855
13321697677855
13321697678556
13321697678557
13321697766855
13321697767855
13321697768556
13321697768557
13321697776855
13321697777855
13321697778556
13321697778557
13321786566955
13321786567955
13321786576955
13321786577955
13321786666955
13321786667955
13321786669556
13321786669557
13321786676955
13321786677955
13321786679556
13321786679557
13321786766955
13321786767955
13321786769556
13321786769557
13321786776955
13321786777955
13321786779556
13321786779557
13321787566955
13321787567955
13321787576955
13321787577955
13321787666955
13321787667955
13321787669556
13321787669557
13321787676955
13321787677955
13321787679556
13321787679557
13321787766955
13321787767955
13321787769556
13321787769557
13321787776955
13321787777955
13321787779556
13321787779557
13321796566855
13321796567855
13321796576855
13321796577855
13321796666855
13321796667855
13321796668556
13321796668557
13321796676855
13321796677855
13321796678556
13321796678557
13321796766855
13321796767855
13321796768556
13321796768557
13321796776855
13321796777855
13321796778556
13321796778557
13321797566855
13321797567855
13321797576855
13321797577855
13321797666855
13321797667855
13321797668556
13321797668557
13321797676855
13321797677855
13321797678556
13321797678557
13321797766855
13321797767855
13321797768556
13321797768557
13321797776855
13321797777855
13321797778556
13321797778557
13320863662956
13320863662957
13320863672956
13320863672957
13320863762956
13320863762957
13320863772956
13320863772957
13321866666955
13321866667955
13321866676955
13321866677955
13321866766955
13321866767955
13321866776955
13321866777955
13321867666955
13321867667955
13321867676955
13321867677955
13321867766955
13321867767955
13321867776955
13321867777955
13320873662956
13320873662957
13320873672956
13320873672957
13320873762956
13320873762957
13320873772956
13320873772957
13321876666955
13321876667955
13321876676955
13321876677955
13321876766955
13321876767955
13321876776955
13321876777955
13321877666955
13321877667955
13321877676955
13321877677955
13321877766955
13321877767955
13321877776955
13321877777955
13311386669556
13311386669557
13311386679556
13311386679557
13311386769556
13311386769557
13311386779556
13311386779557
13311386966655
13311386966755
13311386967655
13311386967755
13311386976655
13311386976755
13311386977655
13311386977755
13311387669556
13311387669557
13311387679556
13311387679557
13311387769556
13311387769557
13311387779556
13311387779557
13311387966655
13311387966755
13311387967655
13311387967755
13311387976655
13311387976755
13311387977655
13311387977755
13311396668556
13311396668557
13311396678556
13311396678557
13311396768556
13311396768557
13311396778556
13311396778557
13311396866655
13311396866755
13311396867655
13311396867755
13311396876655
13311396876755
13311396877655
13311396877755
13311397668556
13311397668557
13311397678556
13311397678557
13311397768556
13311397768557
13311397778556
13311397778557
13311397866655
13311397866755
13311397867655
13311397867755
13311397876655
13311397876755
13311397877655
13311397877755
13310463896666
13310463896667
13310463896676
13310463896677
13310463896766
13310463896767
13310463896776
13310463896777
13310463897666
13310463897667
13310463897676
13310463897677
13310463897766
13310463897767
13310463897776
13310463897777
13310463986666
13310463986667
13310463986676
13310463986677
13310463986766
13310463986767
13310463986776
13310463986777
13310463987666
13310463987667
13310463987676
13310463987677
13310463987766
13310463987767
13310463987776
13310463987777
13310473896666
13310473896667
13310473896676
13310473896677
13310473896766
13310473896767
13310473896776
13310473896777
13310473897666
13310473897667
13310473897676
13310473897677
13310473897766
13310473897767
13310473897776
13310473897777
13310473986666
13310473986667
13310473986676
13310473986677
13310473986766
13310473986767
13310473986776
13310473986777
13310473987666
13310473987667
13310473987676
13310473987677
13310473987766
13310473987767
13310473987776
13310473987777
13310663896566
13310663896567
13310663896576
13310663896577
13310663897566
13310663897567
13310663897576
13310663897577
13310663986566
13310663986567
13310663986576
13310663986577
13310663987566
13310663987567
13310663987576
13310663987577
13312668666559
13312668667559
13312668676559
13312668677559
13312668766559
13312668767559
13312668776559
13312668777559
13312669666558
13312669667558
13312669676558
13312669677558
13312669766558
13312669767558
13312669776558
13312669777558
13310673896566
13310673896567
13310673896576
13310673896577
13310673897566
13310673897567
13310673897576
13310673897577
13310673986566
13310673986567
13310673986576
13310673986577
13310673987566
13310673987567
13310673987576
13310673987577
13312678666559
13312678667559
13312678676559
13312678677559
13312678766559
13312678767559
13312678776559
13312678777559
13312679666558
13312679667558
13312679676558
13312679677558
13312679766558
13312679767558
13312679776558
13312679777558
13311684669556
13311684669557
13311684679556
13311684679557
13311684769556
13311684769557
13311684779556
13311684779557
13311684966655
13311684966755
13311684967655
13311684967755
13311684976655
13311684976755
13311684977655
13311684977755
13312686664539
13312686666559
13312686667559
13311686669552
13311686669553
13311686669554
13311686669555
13312686674539
13312686676559
13312686677559
13311686679552
13311686679553
13311686679554
13311686679555
13312686764539
13312686766559
13312686767559
13311686769552
13311686769553
13311686769554
13311686769555
13312686774539
13312686776559
13312686777559
13311686779552
13311686779553
13311686779554
13311686779555
13311686966255
13311686966355
13311686966455
13311686966555
13312686966653
13312686966753
13311686967255
13311686967355
13311686967455
13311686967555
13312686967653
13312686967753
13311686976255
13311686976355
13311686976455
13311686976555
13312686976653
13312686976753
13311686977255
13311686977355
13311686977455
13311686977555
13312686977653
13312686977753
13312687664539
13312687666559
13312687667559
13311687669552
13311687669553
13311687669554
13311687669555
13312687674539
13312687676559
13312687677559
13311687679552
13311687679553
13311687679554
13311687679555
13312687764539
13312687766559
13312687767559
13311687769552
13311687769553
13311687769554
13311687769555
13312687774539
13312687776559
13312687777559
13311687779552
13311687779553
13311687779554
13311687779555
13311687966255
13311687966355
13311687966455
13311687966555
13312687966653
13312687966753
13311687967255
13311687967355
13311687967455
13311687967555
13312687967653
13312687967753
13311687976255
13311687976355
13311687976455
13311687976555
13312687976653
13312687976753
13311687977255
13311687977355
13311687977455
13311687977555
13312687977653
13312687977753
13311694668556
13311694668557
13311694678556
13311694678557
13311694768556
13311694768557
13311694778556
13311694778557
13311694866655
13311694866755
13311694867655
13311694867755
13311694876655
13311694876755
13311694877655
13311694877755
13312696664538
13312696666558
13312696667558
13311696668552
13311696668553
13311696668554
13311696668555
13312696674538
13312696676558
13312696677558
13311696678552
13311696678553
13311696678554
13311696678555
13312696764538
13312696766558
13312696767558
13311696768552
13311696768553
13311696768554
13311696768555
13312696774538
13312696776558
13312696777558
13311696778552
13311696778553
13311696778554
13311696778555
13311696866255
13311696866355
13311696866455
13311696866555
13312696866653
13312696866753
13311696867255
13311696867355
13311696867455
13311696867555
13312696867653
13312696867753
13311696876255
13311696876355
13311696876455
13311696876555
13312696876653
13312696876753
13311696877255
13311696877355
13311696877455
13311696877555
13312696877653
13312696877753
13312697664538
13312697666558
13312697667558
13311697668552
13311697668553
13311697668554
13311697668555
13312697674538
13312697676558
13312697677558
13311697678552
13311697678553
13311697678554
13311697678555
13312697764538
13312697766558
13312697767558
13311697768552
13311697768553
13311697768554
13311697768555
13312697774538
13312697776558
13312697777558
13311697778552
13311697778553
13311697778554
13311697778555
13311697866255
13311697866355
13311697866455
13311697866555
13312697866653
13312697866753
13311697867255
13311697867355
13311697867455
13311697867555
13312697867653
13312697867753
13311697876255
13311697876355
13311697876455
13311697876555
13312697876653
13312697876753
13311697877255
13311697877355
13311697877455
13311697877555
13312697877653
13312697877753
13310763896566
13310763896567
13310763896576
13310763896577
13310763897566
13310763897567
13310763897576
13310763897577
13310763986566
13310763986567
13310763986576
13310763986577
13310763987566
13310763987567
13310763987576
13310763987577
13312768666559
13312768667559
13312768676559
13312768677559
13312768766559
13312768767559
13312768776559
13312768777559
13312769666558
13312769667558
13312769676558
13312769677558
13312769766558
13312769767558
13312769776558
13312769777558
13310773896566
13310773896567
13310773896576
13310773896577
13310773897566
13310773897567
13310773897576
13310773897577
13310773986566
13310773986567
13310773986576
13310773986577
13310773987566
13310773987567
13310773987576
13310773987577
13312778666559
13312778667559
13312778676559
13312778677559
13312778766559
13312778767559
13312778776559
13312778777559
13312779666558
13312779667558
13312779676558
13312779677558
13312779766558
13312779767558
13312779776558
13312779777558
13311784669556
13311784669557
13311784679556
13311784679557
13311784769556
13311784769557
13311784779556
13311784779557
13311784966655
13311784966755
13311784967655
13311784967755
13311784976655
13311784976755
13311784977655
13311784977755
13312786664539
13312786666559
13312786667559
13311786669552
13311786669553
13311786669554
13311786669555
13312786674539
13312786676559
13312786677559
13311786679552
13311786679553
13311786679554
13311786679555
13312786764539
13312786766559
13312786767559
13311786769552
13311786769553
13311786769554
13311786769555
13312786774539
13312786776559
13312786777559
13311786779552
13311786779553
13311786779554
13311786779555
13311786966255
13311786966355
13311786966455
13311786966555
13312786966653
13312786966753
13311786967255
13311786967355
13311786967455
13311786967555
13312786967653
13312786967753
13311786976255
13311786976355
13311786976455
13311786976555
13312786976653
13312786976753
13311786977255
13311786977355
13311786977455
13311786977555
13312786977653
13312786977753
13312787664539
13312787666559
13312787667559
13311787669552
13311787669553
13311787669554
13311787669555
13312787674539
13312787676559
13312787677559
13311787679552
13311787679553
13311787679554
13311787679555
13312787764539
13312787766559
13312787767559
13311787769552
13311787769553
13311787769554
13311787769555
13312787774539
13312787776559
13312787777559
13311787779552
13311787779553
13311787779554
13311787779555
13311787966255
13311787966355
13311787966455
13311787966555
13312787966653
13312787966753
13311787967255
13311787967355
13311787967455
13311787967555
13312787967653
13312787967753
13311787976255
13311787976355
13311787976455
13311787976555
13312787976653
13312787976753
13311787977255
13311787977355
13311787977455
13311787977555
13312787977653
13312787977753
13311794668556
13311794668557
13311794678556
13311794678557
13311794768556
13311794768557
13311794778556
13311794778557
13311794866655
13311794866755
13311794867655
13311794867755
13311794876655
13311794876755
13311794877655
13311794877755
13312796664538
13312796666558
13312796667558
13311796668552
13311796668553
13311796668554
13311796668555
13312796674538
13312796676558
13312796677558
13311796678552
13311796678553
13311796678554
13311796678555
13312796764538
13312796766558
13312796767558
13311796768552
13311796768553
13311796768554
13311796768555
13312796774538
13312796776558
13312796777558
13311796778552
13311796778553
13311796778554
13311796778555
13311796866255
13311796866355
13311796866455
13311796866555
13312796866653
13312796866753
13311796867255
13311796867355
13311796867455
13311796867555
13312796867653
13312796867753
13311796876255
13311796876355
13311796876455
13311796876555
13312796876653
13312796876753
13311796877255
13311796877355
13311796877455
13311796877555
13312796877653
13312796877753
13312797664538
13312797666558
13312797667558
13311797668552
13311797668553
13311797668554
13311797668555
13312797674538
13312797676558
13312797677558
13311797678552
13311797678553
13311797678554
13311797678555
13312797764538
13312797766558
13312797767558
13311797768552
13311797768553
13311797768554
13311797768555
13312797774538
13312797776558
13312797777558
13311797778552
13311797778553
13311797778554
13311797778555
13311797866255
13311797866355
13311797866455
13311797866555
13312797866653
13312797866753
13311797867255
13311797867355
13311797867455
13311797867555
13312797867653
13312797867753
13311797876255
13311797876355
13311797876455
13311797876555
13312797876653
13312797876753
13311797877255
13311797877355
13311797877455
13311797877555
13312797877653
13312797877753
13310866669556
13310866669557
13310866679556
13310866679557
13310866769556
13310866769557
13310866779556
13310866779557
13310867669556
13310867669557
13310867679556
13310867679557
13310867769556
13310867769557
13310867779556
13310867779557
13310876669556
13310876669557
13310876679556
13310876679557
13310876769556
13310876769557
13310876779556
13310876779557
13310877669556
13310877669557
13310877679556
13310877679557
13310877769556
13310877769557
13310877779556
13310877779557
13301364689666
13301364689667
13301364689676
13301364689677
13301364689766
13301364689767
13301364689776
13301364689777
13301364698666
13301364698667
13301364698676
13301364698677
13301364698766
13301364698767
13301364698776
13301364698777
13301364789666
13301364789667
13301364789676
13301364789677
13301364789766
13301364789767
13301364789776
13301364789777
13301364798666
13301364798667
13301364798676
13301364798677
13301364798766
13301364798767
13301364798776
13301364798777
13301366689665
13301366689675
13301366689765
13301366689775
13301366698665
13301366698675
13301366698765
13301366698775
13301366789665
13301366789675
13301366789765
13301366789775
13301366798665
13301366798675
13301366798765
13301366798775
13301367689665
13301367689675
13301367689765
13301367689775
13301367698665
13301367698675
13301367698765
13301367698775
13301367789665
13301367789675
13301367789765
13301367789775
13301367798665
13301367798675
13301367798765
13301367798775
13302368366659
13302368366759
13302368367659
13302368367759
13302368376659
13302368376759
13302368377659
13302368377759
13302369366658
13302369366758
13302369367658
13302369367758
13302369376658
13302369376758
13302369377658
13302369377758
13301374689666
13301374689667
13301374689676
13301374689677
13301374689766
13301374689767
13301374689776
13301374689777
13301374698666
13301374698667
13301374698676
13301374698677
13301374698766
13301374698767
13301374698776
13301374698777
13301374789666
13301374789667
13301374789676
13301374789677
13301374789766
13301374789767
13301374789776
13301374789777
13301374798666
13301374798667
13301374798676
13301374798677
13301374798766
13301374798767
13301374798776
13301374798777
13301376689665
13301376689675
13301376689765
13301376689775
13301376698665
13301376698675
13301376698765
13301376698775
13301376789665
13301376789675
13301376789765
13301376789775
13301376798665
13301376798675
13301376798765
13301376798775
13301377689665
13301377689675
13301377689765
13301377689775
13301377698665
13301377698675
13301377698765
13301377698775
13301377789665
13301377789675
13301377789765
13301377789775
13301377798665
13301377798675
13301377798765
13301377798775
13302378366659
13302378366759
13302378367659
13302378367759
13302378376659
13302378376759
13302378377659
13302378377759
13302379366658
13302379366758
13302379367658
13302379367758
13302379376658
13302379376758
13302379377658
13302379377758
13300766589655
13300766589755
13300766598655
13300766598755
13300766859565
13300766859575
13300766895556
13300766895557
13300766958565
13300766958575
13300766985556
13300766985557
13300767589655
13300767589755
13300767598655
13300767598755
13300767859565
13300767859575
13300767895556
13300767895557
13300767958565
13300767958575
13300767985556
13300767985557
13301768966655
13301768966755
13301768967655
13301768967755
13301768976655
13301768976755
13301768977655
13301768977755
13301769866655
13301769866755
13301769867655
13301769867755
13301769876655
13301769876755
13301769877655
13301769877755
13300776589655
13300776589755
13300776598655
13300776598755
13300776859565
13300776859575
13300776895556
13300776895557
13300776958565
13300776958575
13300776985556
13300776985557
13300777589655
13300777589755
13300777598655
13300777598755
13300777859565
13300777859575
13300777895556
13300777895557
13300777958565
13300777958575
13300777985556
13300777985557
13301778966655
13301778966755
13301778967655
13301778967755
13301778976655
13301778976755
13301778977655
13301778977755
13301779866655
13301779866755
13301779867655
13301779867755
13301779876655
13301779876755
13301779877655
13301779877755
