13321286666955
13321286667955
13321286676955
13321286677955
13321286766955
13321286767955
13321286776955
13321286777955
13321287666955
13321287667955
13321287676955
13321287677955
13321287766955
13321287767955
13321287776955
13321287777955
13321296666855
13321296667855
13321296676855
13321296677855
13321296766855
13321296767855
13321296776855
13321296777855
13321297666855
13321297667855
13321297676855
13321297677855
13321297766855
13321297767855
13321297776855
13321297777855
13321386666955
13321386667955
13321386669556
13321386669557
13321386676955
13321386677955
13321386679556
13321386679557
13321386766955
13321386767955
13321386769556
13321386769557
13321386776955
13321386777955
13321386779556
13321386779557
13321387666955
13321387667955
13321387669556
13321387669557
13321387676955
13321387677955
13321387679556
13321387679557
13321387766955
13321387767955
13321387769556
13321387769557
13321387776955
13321387777955
13321387779556
13321387779557
13321396666855
13321396667855
13321396668556
13321396668557
13321396676855
13321396677855
13321396678556
13321396678557
13321396766855
13321396767855
13321396768556
13321396768557
13321396776855
13321396777855
13321396778556
13321396778557
13321397666855
13321397667855
13321397668556
13321397668557
13321397676855
13321397677855
13321397678556
13321397678557
13321397766855
13321397767855
13321397768556
13321397768557
13321397776855
13321397777855
13321397778556
13321397778557
13321486666955
13321486667955
13321486676955
13321486677955
13321486766955
13321486767955
13321486776955
13321486777955
13321487666955
13321487667955
13321487676955
13321487677955
13321487766955
13321487767955
13321487776955
13321487777955
13321496666855
13321496667855
13321496676855
13321496677855
13321496766855
13321496767855
13321496776855
13321496777855
13321497666855
13321497667855
13321497676855
13321497677855
13321497766855
13321497767855
13321497776855
13321497777855
13321586666955
13321586667955
13321586676955
13321586677955
13321586766955
13321586767955
13321586776955
13321586777955
13321587666955
13321587667955
13321587676955
13321587677955
13321587766955
13321587767955
13321587776955
13321587777955
13321596666855
13321596667855
13321596676855
13321596677855
13321596766855
13321596767855
13321596776855
13321596777855
13321597666855
13321597667855
13321597676855
13321597677855
13321597766855
13321597767855
13321597776855
13321597777855
13322668666559
13321668666595
13322668667559
13321668667595
13322668676559
13321668676595
13322668677559
13321668677595
13322668766559
13321668766595
13322668767559
13321668767595
13322668776559
13321668776595
13322668777559
13321668777595
13322669666558
13321669666585
13322669667558
13321669667585
13322669676558
13321669676585
13322669677558
13321669677585
13322669766558
13321669766585
13322669767558
13321669767585
13322669776558
13321669776585
13322669777558
13321669777585
13322678666559
13321678666595
13322678667559
13321678667595
13322678676559
13321678676595
13322678677559
13321678677595
13322678766559
13321678766595
13322678767559
13321678767595
13322678776559
13321678776595
13322678777559
13321678777595
13322679666558
13321679666585
13322679667558
13321679667585
13322679676558
13321679676585
13322679677558
13321679677585
13322679766558
13321679766585
13322679767558
13321679767585
13322679776558
13321679776585
13322679777558
13321679777585
13321684666955
13321684667955
13321684669556
13321684669557
13321684676955
13321684677955
13321684679556
13321684679557
13321684766955
13321684767955
13321684769556
13321684769557
13321684776955
13321684777955
13321684779556
13321684779557
13321686366955
13321686367955
13321686376955
13321686377955
13322686566953
13322686567953
13322686576953
13322686577953
13322686664539
13321686666395
13321686666539
13322686666559
13321686666595
13321686666935
13322686666953
13321686667395
13321686667539
13322686667559
13321686667595
13321686667935
13322686667953
13321686669356
13321686669357
13321686669552
13321686669553
13321686669554
13321686669555
13322686674539
13321686676395
13321686676539
13322686676559
13321686676595
13321686676935
13322686676953
13321686677395
13321686677539
13322686677559
13321686677595
13321686677935
13322686677953
13321686679356
13321686679357
13321686679552
13321686679553
13321686679554
13321686679555
13322686764539
13321686766395
13321686766539
13322686766559
13321686766595
13321686766935
13322686766953
13321686767395
13321686767539
13322686767559
13321686767595
13321686767935
13322686767953
13321686769356
13321686769357
13321686769552
13321686769553
13321686769554
13321686769555
13322686774539
13321686776395
13321686776539
13322686776559
13321686776595
13321686776935
13322686776953
13321686777395
13321686777539
13322686777559
13321686777595
13321686777935
13322686777953
13321686779356
13321686779357
13321686779552
13321686779553
13321686779554
13321686779555
13321687366955
13321687367955
13321687376955
13321687377955
13322687566953
13322687567953
13322687576953
13322687577953
13322687664539
13321687666395
13321687666539
13322687666559
13321687666595
13321687666935
13322687666953
13321687667395
13321687667539
13322687667559
13321687667595
13321687667935
13322687667953
13321687669356
13321687669357
13321687669552
13321687669553
13321687669554
13321687669555
13322687674539
13321687676395
13321687676539
13322687676559
13321687676595
13321687676935
13322687676953
13321687677395
13321687677539
13322687677559
13321687677595
13321687677935
13322687677953
13321687679356
13321687679357
13321687679552
13321687679553
13321687679554
13321687679555
13322687764539
13321687766395
13321687766539
13322687766559
13321687766595
13321687766935
13322687766953
13321687767395
13321687767539
13322687767559
13321687767595
13321687767935
13322687767953
13321687769356
13321687769357
13321687769552
13321687769553
13321687769554
13321687769555
13322687774539
13321687776395
13321687776539
13322687776559
13321687776595
13321687776935
13322687776953
13321687777395
13321687777539
13322687777559
13321687777595
13321687777935
13322687777953
13321687779356
13321687779357
13321687779552
13321687779553
13321687779554
13321687779555
13321694666855
13321694667855
13321694668556
13321694668557
13321694676855
13321694677855
13321694678556
13321694678557
13321694766855
13321694767855
13321694768556
13321694768557
13321694776855
13321694777855
13321694778556
13321694778557
13321696366855
13321696367855
13321696376855
13321696377855
13322696566853
13322696567853
13322696576853
13322696577853
13322696664538
13321696666385
13321696666538
13322696666558
13321696666585
13321696666835
13322696666853
13321696667385
13321696667538
13322696667558
13321696667585
13321696667835
13322696667853
13321696668356
13321696668357
13321696668552
13321696668553
13321696668554
13321696668555
13322696674538
13321696676385
13321696676538
13322696676558
13321696676585
13321696676835
13322696676853
13321696677385
13321696677538
13322696677558
13321696677585
13321696677835
13322696677853
13321696678356
13321696678357
13321696678552
13321696678553
13321696678554
13321696678555
13322696764538
13321696766385
13321696766538
13322696766558
13321696766585
13321696766835
13322696766853
13321696767385
13321696767538
13322696767558
13321696767585
13321696767835
13322696767853
13321696768356
13321696768357
13321696768552
13321696768553
13321696768554
13321696768555
13322696774538
13321696776385
13321696776538
13322696776558
13321696776585
13321696776835
13322696776853
13321696777385
13321696777538
13322696777558
13321696777585
13321696777835
13322696777853
13321696778356
13321696778357
13321696778552
13321696778553
13321696778554
13321696778555
13321697366855
13321697367855
13321697376855
13321697377855
13322697566853
13322697567853
13322697576853
13322697577853
13322697664538
13321697666385
13321697666538
13322697666558
13321697666585
13321697666835
13322697666853
13321697667385
13321697667538
13322697667558
13321697667585
13321697667835
13322697667853
13321697668356
13321697668357
13321697668552
13321697668553
13321697668554
13321697668555
13322697674538
13321697676385
13321697676538
13322697676558
13321697676585
13321697676835
13322697676853
13321697677385
13321697677538
13322697677558
13321697677585
13321697677835
13322697677853
13321697678356
13321697678357
13321697678552
13321697678553
13321697678554
13321697678555
13322697764538
13321697766385
13321697766538
13322697766558
13321697766585
13321697766835
13322697766853
13321697767385
13321697767538
13322697767558
13321697767585
13321697767835
13322697767853
13321697768356
13321697768357
13321697768552
13321697768553
13321697768554
13321697768555
13322697774538
13321697776385
13321697776538
13322697776558
13321697776585
13321697776835
13322697776853
13321697777385
13321697777538
13322697777558
13321697777585
13321697777835
13322697777853
13321697778356
13321697778357
13321697778552
13321697778553
13321697778554
13321697778555
13322768666559
13321768666595
13322768667559
13321768667595
13322768676559
13321768676595
13322768677559
13321768677595
13322768766559
13321768766595
13322768767559
13321768767595
13322768776559
13321768776595
13322768777559
13321768777595
13322769666558
13321769666585
13322769667558
13321769667585
13322769676558
13321769676585
13322769677558
13321769677585
13322769766558
13321769766585
13322769767558
13321769767585
13322769776558
13321769776585
13322769777558
13321769777585
13322778666559
13321778666595
13322778667559
13321778667595
13322778676559
13321778676595
13322778677559
13321778677595
13322778766559
13321778766595
13322778767559
13321778767595
13322778776559
13321778776595
13322778777559
13321778777595
13322779666558
13321779666585
13322779667558
13321779667585
13322779676558
13321779676585
13322779677558
13321779677585
13322779766558
13321779766585
13322779767558
13321779767585
13322779776558
13321779776585
13322779777558
13321779777585
13321784666955
13321784667955
13321784669556
13321784669557
13321784676955
13321784677955
13321784679556
13321784679557
13321784766955
13321784767955
13321784769556
13321784769557
13321784776955
13321784777955
13321784779556
13321784779557
13321786366955
13321786367955
13321786376955
13321786377955
13322786566953
13322786567953
13322786576953
13322786577953
13322786664539
13321786666395
13321786666539
13322786666559
13321786666595
13321786666935
13322786666953
13321786667395
13321786667539
13322786667559
13321786667595
13321786667935
13322786667953
13321786669356
13321786669357
13321786669552
13321786669553
13321786669554
13321786669555
13322786674539
13321786676395
13321786676539
13322786676559
13321786676595
13321786676935
13322786676953
13321786677395
13321786677539
13322786677559
13321786677595
13321786677935
13322786677953
13321786679356
13321786679357
13321786679552
13321786679553
13321786679554
13321786679555
13322786764539
13321786766395
13321786766539
13322786766559
13321786766595
13321786766935
13322786766953
13321786767395
13321786767539
13322786767559
13321786767595
13321786767935
13322786767953
13321786769356
13321786769357
13321786769552
13321786769553
13321786769554
13321786769555
13322786774539
13321786776395
13321786776539
13322786776559
13321786776595
13321786776935
13322786776953
13321786777395
13321786777539
13322786777559
13321786777595
13321786777935
13322786777953
13321786779356
13321786779357
13321786779552
13321786779553
13321786779554
13321786779555
13321787366955
13321787367955
13321787376955
13321787377955
13322787566953
13322787567953
13322787576953
13322787577953
13322787664539
13321787666395
13321787666539
13322787666559
13321787666595
13321787666935
13322787666953
13321787667395
13321787667539
13322787667559
13321787667595
13321787667935
13322787667953
13321787669356
13321787669357
13321787669552
13321787669553
13321787669554
13321787669555
13322787674539
13321787676395
13321787676539
13322787676559
13321787676595
13321787676935
13322787676953
13321787677395
13321787677539
13322787677559
13321787677595
13321787677935
13322787677953
13321787679356
13321787679357
13321787679552
13321787679553
13321787679554
13321787679555
13322787764539
13321787766395
13321787766539
13322787766559
13321787766595
13321787766935
13322787766953
13321787767395
13321787767539
13322787767559
13321787767595
13321787767935
13322787767953
13321787769356
13321787769357
13321787769552
13321787769553
13321787769554
13321787769555
13322787774539
13321787776395
13321787776539
13322787776559
13321787776595
13321787776935
13322787776953
13321787777395
13321787777539
13322787777559
13321787777595
13321787777935
13322787777953
13321787779356
13321787779357
13321787779552
13321787779553
13321787779554
13321787779555
13321794666855
13321794667855
13321794668556
13321794668557
13321794676855
13321794677855
13321794678556
13321794678557
13321794766855
13321794767855
13321794768556
13321794768557
13321794776855
13321794777855
13321794778556
13321794778557
13321796366855
13321796367855
13321796376855
13321796377855
13322796566853
13322796567853
13322796576853
13322796577853
13322796664538
13321796666385
13321796666538
13322796666558
13321796666585
13321796666835
13322796666853
13321796667385
13321796667538
13322796667558
13321796667585
13321796667835
13322796667853
13321796668356
13321796668357
13321796668552
13321796668553
13321796668554
13321796668555
13322796674538
13321796676385
13321796676538
13322796676558
13321796676585
13321796676835
13322796676853
13321796677385
13321796677538
13322796677558
13321796677585
13321796677835
13322796677853
13321796678356
13321796678357
13321796678552
13321796678553
13321796678554
13321796678555
13322796764538
13321796766385
13321796766538
13322796766558
13321796766585
13321796766835
13322796766853
13321796767385
13321796767538
13322796767558
13321796767585
13321796767835
13322796767853
13321796768356
13321796768357
13321796768552
13321796768553
13321796768554
13321796768555
13322796774538
13321796776385
13321796776538
13322796776558
13321796776585
13321796776835
13322796776853
13321796777385
13321796777538
13322796777558
13321796777585
13321796777835
13322796777853
13321796778356
13321796778357
13321796778552
13321796778553
13321796778554
13321796778555
13321797366855
13321797367855
13321797376855
13321797377855
13322797566853
13322797567853
13322797576853
13322797577853
13322797664538
13321797666385
13321797666538
13322797666558
13321797666585
13321797666835
13322797666853
13321797667385
13321797667538
13322797667558
13321797667585
13321797667835
13322797667853
13321797668356
13321797668357
13321797668552
13321797668553
13321797668554
13321797668555
13322797674538
13321797676385
13321797676538
13322797676558
13321797676585
13321797676835
13322797676853
13321797677385
13321797677538
13322797677558
13321797677585
13321797677835
13322797677853
13321797678356
13321797678357
13321797678552
13321797678553
13321797678554
13321797678555
13322797764538
13321797766385
13321797766538
13322797766558
13321797766585
13321797766835
13322797766853
13321797767385
13321797767538
13322797767558
13321797767585
13321797767835
13322797767853
13321797768356
13321797768357
13321797768552
13321797768553
13321797768554
13321797768555
13322797774538
13321797776385
13321797776538
13322797776558
13321797776585
13321797776835
13322797776853
13321797777385
13321797777538
13322797777558
13321797777585
13321797777835
13322797777853
13321797778356
13321797778357
13321797778552
13321797778553
13321797778554
13321797778555
13321846666955
13321846667955
13321846676955
13321846677955
13321846766955
13321846767955
13321846776955
13321846777955
13321847666955
13321847667955
13321847676955
13321847677955
13321847766955
13321847767955
13321847776955
13321847777955
13321862666955
13321862667955
13321862676955
13321862677955
13321862766955
13321862767955
13321862776955
13321862777955
13321863666955
13321863667955
13321863676955
13321863677955
13321863766955
13321863767955
13321863776955
13321863777955
13321864666955
13321864667955
13321864676955
13321864677955
13321864766955
13321864767955
13321864776955
13321864777955
13321865666955
13321865667955
13321865676955
13321865677955
13321865766955
13321865767955
13321865776955
13321865777955
13321866616955
13321866617955
13321866663956
13321866663957
13320866665956
13320866665957
13321866666395
13321866666539
13321866666935
13322866666953
13321866667395
13321866667539
13321866667935
13322866667953
13320866669556
13320866669557
13321866673956
13321866673957
13320866675956
13320866675957
13321866676395
13321866676539
13321866676935
13322866676953
13321866677395
13321866677539
13321866677935
13322866677953
13320866679556
13320866679557
13321866716955
13321866717955
13321866763956
13321866763957
13320866765956
13320866765957
13321866766395
13321866766539
13321866766935
13322866766953
13321866767395
13321866767539
13321866767935
13322866767953
13320866769556
13320866769557
13321866773956
13321866773957
13320866775956
13320866775957
13321866776395
13321866776539
13321866776935
13322866776953
13321866777395
13321866777539
13321866777935
13322866777953
13320866779556
13320866779557
13321867616955
13321867617955
13321867663956
13321867663957
13320867665956
13320867665957
13321867666395
13321867666539
13321867666935
13322867666953
13321867667395
13321867667539
13321867667935
13322867667953
13320867669556
13320867669557
13321867673956
13321867673957
13320867675956
13320867675957
13321867676395
13321867676539
13321867676935
13322867676953
13321867677395
13321867677539
13321867677935
13322867677953
13320867679556
13320867679557
13321867716955
13321867717955
13321867763956
13321867763957
13320867765956
13320867765957
13321867766395
13321867766539
13321867766935
13322867766953
13321867767395
13321867767539
13321867767935
13322867767953
13320867769556
13320867769557
13321867773956
13321867773957
13320867775956
13320867775957
13321867776395
13321867776539
13321867776935
13322867776953
13321867777395
13321867777539
13321867777935
13322867777953
13320867779556
13320867779557
13321872666955
13321872667955
13321872676955
13321872677955
13321872766955
13321872767955
13321872776955
13321872777955
13321873666955
13321873667955
13321873676955
13321873677955
13321873766955
13321873767955
13321873776955
13321873777955
13321874666955
13321874667955
13321874676955
13321874677955
13321874766955
13321874767955
13321874776955
13321874777955
13321875666955
13321875667955
13321875676955
13321875677955
13321875766955
13321875767955
13321875776955
13321875777955
13321876616955
13321876617955
13321876663956
13321876663957
13320876665956
13320876665957
13321876666395
13321876666539
13321876666935
13322876666953
13321876667395
13321876667539
13321876667935
13322876667953
13320876669556
13320876669557
13321876673956
13321876673957
13320876675956
13320876675957
13321876676395
13321876676539
13321876676935
13322876676953
13321876677395
13321876677539
13321876677935
13322876677953
13320876679556
13320876679557
13321876716955
13321876717955
13321876763956
13321876763957
13320876765956
13320876765957
13321876766395
13321876766539
13321876766935
13322876766953
13321876767395
13321876767539
13321876767935
13322876767953
13320876769556
13320876769557
13321876773956
13321876773957
13320876775956
13320876775957
13321876776395
13321876776539
13321876776935
13322876776953
13321876777395
13321876777539
13321876777935
13322876777953
13320876779556
13320876779557
13321877616955
13321877617955
13321877663956
13321877663957
13320877665956
13320877665957
13321877666395
13321877666539
13321877666935
13322877666953
13321877667395
13321877667539
13321877667935
13322877667953
13320877669556
13320877669557
13321877673956
13321877673957
13320877675956
13320877675957
13321877676395
13321877676539
13321877676935
13322877676953
13321877677395
13321877677539
13321877677935
13322877677953
13320877679556
13320877679557
13321877716955
13321877717955
13321877763956
13321877763957
13320877765956
13320877765957
13321877766395
13321877766539
13321877766935
13322877766953
13321877767395
13321877767539
13321877767935
13322877767953
13320877769556
13320877769557
13321877773956
13321877773957
13320877775956
13320877775957
13321877776395
13321877776539
13321877776935
13322877776953
13321877777395
13321877777539
13321877777935
13322877777953
13320877779556
13320877779557
13312268666559
13312268667559
13312268676559
13312268677559
13312268766559
13312268767559
13312268776559
13312268777559
13312269666558
13312269667558
13312269676558
13312269677558
13312269766558
13312269767558
13312269776558
13312269777558
13312278666559
13312278667559
13312278676559
13312278677559
13312278766559
13312278767559
13312278776559
13312278777559
13312279666558
13312279667558
13312279676558
13312279677558
13312279766558
13312279767558
13312279776558
13312279777558
13310363896566
13310363896567
13310363896576
13310363896577
13310363897566
13310363897567
13310363897576
13310363897577
13310363986566
13310363986567
13310363986576
13310363986577
13310363987566
13310363987567
13310363987576
13310363987577
13312368666559
13312368667559
13312368676559
13312368677559
13312368766559
13312368767559
13312368776559
13312368777559
13312369666558
13312369667558
13312369676558
13312369677558
13312369766558
13312369767558
13312369776558
13312369777558
13310373896566
13310373896567
13310373896576
13310373896577
13310373897566
13310373897567
13310373897576
13310373897577
13310373986566
13310373986567
13310373986576
13310373986577
13310373987566
13310373987567
13310373987576
13310373987577
13312378666559
13312378667559
13312378676559
13312378677559
13312378766559
13312378767559
13312378776559
13312378777559
13312379666558
13312379667558
13312379676558
13312379677558
13312379766558
13312379767558
13312379776558
13312379777558
13312386666559
13312386667559
13312386676559
13312386677559
13311386696565
13311386696575
13311386697565
13311386697575
13312386766559
13312386767559
13312386776559
13312386777559
13311386796565
13311386796575
13311386797565
13311386797575
13312386966653
13312386966753
13312386967653
13312386967753
13312386976653
13312386976753
13312386977653
13312386977753
13312387666559
13312387667559
13312387676559
13312387677559
13311387696565
13311387696575
13311387697565
13311387697575
13312387766559
13312387767559
13312387776559
13312387777559
13311387796565
13311387796575
13311387797565
13311387797575
13312387966653
13312387966753
13312387967653
13312387967753
13312387976653
13312387976753
13312387977653
13312387977753
13312396666558
13312396667558
13312396676558
13312396677558
13311396686565
13311396686575
13311396687565
13311396687575
13312396766558
13312396767558
13312396776558
13312396777558
13311396786565
13311396786575
13311396787565
13311396787575
13312396866653
13312396866753
13312396867653
13312396867753
13312396876653
13312396876753
13312396877653
13312396877753
13312397666558
13312397667558
13312397676558
13312397677558
13311397686565
13311397686575
13311397687565
13311397687575
13312397766558
13312397767558
13312397776558
13312397777558
13311397786565
13311397786575
13311397787565
13311397787575
13312397866653
13312397866753
13312397867653
13312397867753
13312397876653
13312397876753
13312397877653
13312397877753
13310433896666
13310433896667
13310433896676
13310433896677
13310433896766
13310433896767
13310433896776
13310433896777
13310433897666
13310433897667
13310433897676
13310433897677
13310433897766
13310433897767
13310433897776
13310433897777
13310433986666
13310433986667
13310433986676
13310433986677
13310433986766
13310433986767
13310433986776
13310433986777
13310433987666
13310433987667
13310433987676
13310433987677
13310433987766
13310433987767
13310433987776
13310433987777
13310463894666
13310463894667
13310463894676
13310463894677
13310463894766
13310463894767
13310463894776
13310463894777
13310463896566
13310463896567
13310463896576
13310463896577
13310463896662
13310463896672
13310463896762
13310463896772
13310463897566
13310463897567
13310463897576
13310463897577
13310463897662
13310463897672
13310463897762
13310463897772
13310463984666
13310463984667
13310463984676
13310463984677
13310463984766
13310463984767
13310463984776
13310463984777
13310463986566
13310463986567
13310463986576
13310463986577
13310463986662
13310463986672
13310463986762
13310463986772
13310463987566
13310463987567
13310463987576
13310463987577
13310463987662
13310463987672
13310463987762
13310463987772
13312468666559
13312468667559
13312468676559
13312468677559
13312468766559
13312468767559
13312468776559
13312468777559
13312469666558
13312469667558
13312469676558
13312469677558
13312469766558
13312469767558
13312469776558
13312469777558
13310473894666
13310473894667
13310473894676
13310473894677
13310473894766
13310473894767
13310473894776
13310473894777
13310473896566
13310473896567
13310473896576
13310473896577
13310473896662
13310473896672
13310473896762
13310473896772
13310473897566
13310473897567
13310473897576
13310473897577
13310473897662
13310473897672
13310473897762
13310473897772
13310473984666
13310473984667
13310473984676
13310473984677
13310473984766
13310473984767
13310473984776
13310473984777
13310473986566
13310473986567
13310473986576
13310473986577
13310473986662
13310473986672
13310473986762
13310473986772
13310473987566
13310473987567
13310473987576
13310473987577
13310473987662
13310473987672
13310473987762
13310473987772
13312478666559
13312478667559
13312478676559
13312478677559
13312478766559
13312478767559
13312478776559
13312478777559
13312479666558
13312479667558
13312479676558
13312479677558
13312479766558
13312479767558
13312479776558
13312479777558
13312568666559
13312568667559
13312568676559
13312568677559
13312568766559
13312568767559
13312568776559
13312568777559
13312569666558
13312569667558
13312569676558
13312569677558
13312569766558
13312569767558
13312569776558
13312569777558
13312578666559
13312578667559
13312578676559
13312578677559
13312578766559
13312578767559
13312578776559
13312578777559
13312579666558
13312579667558
13312579676558
13312579677558
13312579766558
13312579767558
13312579776558
13312579777558
13310636685966
13310636685967
13310636685976
13310636685977
13310636695866
13310636695867
13310636695876
13310636695877
13310636785966
13310636785967
13310636785976
13310636785977
13310636795866
13310636795867
13310636795876
13310636795877
13310637685966
13310637685967
13310637685976
13310637685977
13310637695866
13310637695867
13310637695876
13310637695877
13310637785966
13310637785967
13310637785976
13310637785977
13310637795866
13310637795867
13310637795876
13310637795877
13312638666559
13312638667559
13312638676559
13312638677559
13312638766559
13312638767559
13312638776559
13312638777559
13312639666558
13312639667558
13312639676558
13312639677558
13312639766558
13312639767558
13312639776558
13312639777558
13310663668596
13310663668597
13310663668965
13310663668975
13310663669586
13310663669587
13310663669865
13310663669875
13310663678596
13310663678597
13310663678965
13310663678975
13310663679586
13310663679587
13310663679865
13310663679875
13310663768596
13310663768597
13310663768965
13310663768975
13310663769586
13310663769587
13310663769865
13310663769875
13310663778596
13310663778597
13310663778965
13310663778975
13310663779586
13310663779587
13310663779865
13310663779875
13310663894566
13310663894567
13310663894576
13310663894577
13310663896556
13310663896557
13310663896562
13310663896572
13310663897556
13310663897557
13310663897562
13310663897572
13310663984566
13310663984567
13310663984576
13310663984577
13310663986556
13310663986557
13310663986562
13310663986572
13310663987556
13310663987557
13310663987562
13310663987572
13310666589655
13310666589755
13310666598655
13310666598755
13310667589655
13310667589755
13310667598655
13310667598755
13312668366659
13312668366759
13312668367659
13312668367759
13312668376659
13312668376759
13312668377659
13312668377759
13312668616559
13312668617559
13312668666359
13312668666593
13311668666595
13312668666953
13311668666955
13312668667359
13312668667593
13311668667595
13312668667953
13311668667955
13312668676359
13312668676593
13311668676595
13312668676953
13311668676955
13312668677359
13312668677593
13311668677595
13312668677953
13311668677955
13312668716559
13312668717559
13312668766359
13312668766593
13311668766595
13312668766953
13311668766955
13312668767359
13312668767593
13311668767595
13312668767953
13311668767955
13312668776359
13312668776593
13311668776595
13312668776953
13311668776955
13312668777359
13312668777593
13311668777595
13312668777953
13311668777955
13312669366658
13312669366758
13312669367658
13312669367758
13312669376658
13312669376758
13312669377658
13312669377758
13312669616558
13312669617558
13312669666358
13312669666583
13311669666585
13312669666853
13311669666855
13312669667358
13312669667583
13311669667585
13312669667853
13311669667855
13312669676358
13312669676583
13311669676585
13312669676853
13311669676855
13312669677358
13312669677583
13311669677585
13312669677853
13311669677855
13312669716558
13312669717558
13312669766358
13312669766583
13311669766585
13312669766853
13311669766855
13312669767358
13312669767583
13311669767585
13312669767853
13311669767855
13312669776358
13312669776583
13311669776585
13312669776853
13311669776855
13312669777358
13312669777583
13311669777585
13312669777853
13311669777855
13310673668596
13310673668597
13310673668965
13310673668975
13310673669586
13310673669587
13310673669865
13310673669875
13310673678596
13310673678597
13310673678965
13310673678975
13310673679586
13310673679587
13310673679865
13310673679875
13310673768596
13310673768597
13310673768965
13310673768975
13310673769586
13310673769587
13310673769865
13310673769875
13310673778596
13310673778597
13310673778965
13310673778975
13310673779586
13310673779587
13310673779865
13310673779875
13310673894566
13310673894567
13310673894576
13310673894577
13310673896556
13310673896557
13310673896562
13310673896572
13310673897556
13310673897557
13310673897562
13310673897572
13310673984566
13310673984567
13310673984576
13310673984577
13310673986556
13310673986557
13310673986562
13310673986572
13310673987556
13310673987557
13310673987562
13310673987572
13310676589655
13310676589755
13310676598655
13310676598755
13310677589655
13310677589755
13310677598655
13310677598755
13312678366659
13312678366759
13312678367659
13312678367759
13312678376659
13312678376759
13312678377659
13312678377759
13312678616559
13312678617559
13312678666359
13312678666593
13311678666595
13312678666953
13311678666955
13312678667359
13312678667593
13311678667595
13312678667953
13311678667955
13312678676359
13312678676593
13311678676595
13312678676953
13311678676955
13312678677359
13312678677593
13311678677595
13312678677953
13311678677955
13312678716559
13312678717559
13312678766359
13312678766593
13311678766595
13312678766953
13311678766955
13312678767359
13312678767593
13311678767595
13312678767953
13311678767955
13312678776359
13312678776593
13311678776595
13312678776953
13311678776955
13312678777359
13312678777593
13311678777595
13312678777953
13311678777955
13312679366658
13312679366758
13312679367658
13312679367758
13312679376658
13312679376758
13312679377658
13312679377758
13312679616558
13312679617558
13312679666358
13312679666583
13311679666585
13312679666853
13311679666855
13312679667358
13312679667583
13311679667585
13312679667853
13311679667855
13312679676358
13312679676583
13311679676585
13312679676853
13311679676855
13312679677358
13312679677583
13311679677585
13312679677853
13311679677855
13312679716558
13312679717558
13312679766358
13312679766583
13311679766585
13312679766853
13311679766855
13312679767358
13312679767583
13311679767585
13312679767853
13311679767855
13312679776358
13312679776583
13311679776585
13312679776853
13311679776855
13312679777358
13312679777583
13311679777585
13312679777853
13311679777855
13312682666559
13312682667559
13312682676559
13312682677559
13311682696565
13311682696575
13311682697565
13311682697575
13312682766559
13312682767559
13312682776559
13312682777559
13311682796565
13311682796575
13311682797565
13311682797575
13312683666559
13312683667559
13312683676559
13312683677559
13312683766559
13312683767559
13312683776559
13312683777559
13312684666559
13312684667559
13312684676559
13312684677559
13312684766559
13312684767559
13312684776559
13312684777559
13312684966653
13312684966753
13312684967653
13312684967753
13312684976653
13312684976753
13312684977653
13312684977753
13312685666559
13312685667559
13312685676559
13312685677559
13312685766559
13312685767559
13312685776559
13312685777559
13312686664559
13310686665595
13310686665956
13310686665957
13312686666359
13312686666393
13311686666395
13311686666539
13312686666593
13311686666595
13312686666953
13311686666955
13312686667359
13312686667393
13311686667395
13311686667539
13312686667593
13311686667595
13312686667953
13311686667955
13311686669356
13311686669357
13312686674559
13310686675595
13310686675956
13310686675957
13312686676359
13312686676393
13311686676395
13311686676539
13312686676593
13311686676595
13312686676953
13311686676955
13312686677359
13312686677393
13311686677395
13311686677539
13312686677593
13311686677595
13312686677953
13311686677955
13311686679356
13311686679357
13312686764559
13310686765595
13310686765956
13310686765957
13312686766359
13312686766393
13311686766395
13311686766539
13312686766593
13311686766595
13312686766953
13311686766955
13312686767359
13312686767393
13311686767395
13311686767539
13312686767593
13311686767595
13312686767953
13311686767955
13311686769356
13311686769357
13312686774559
13310686775595
13310686775956
13310686775957
13312686776359
13312686776393
13311686776395
13311686776539
13312686776593
13311686776595
13312686776953
13311686776955
13312686777359
13312686777393
13311686777395
13311686777539
13312686777593
13311686777595
13312686777953
13311686777955
13311686779356
13311686779357
13312686966253
13312686966353
13312686966453
13312686966553
13312686966633
13311686966635
13312686966733
13311686966735
13312686967253
13312686967353
13312686967453
13312686967553
13312686967633
13311686967635
13312686967733
13311686967735
13312686976253
13312686976353
13312686976453
13312686976553
13312686976633
13311686976635
13312686976733
13311686976735
13312686977253
13312686977353
13312686977453
13312686977553
13312686977633
13311686977635
13312686977733
13311686977735
13312687664559
13310687665595
13310687665956
13310687665957
13312687666359
13312687666393
13311687666395
13311687666539
13312687666593
13311687666595
13312687666953
13311687666955
13312687667359
13312687667393
13311687667395
13311687667539
13312687667593
13311687667595
13312687667953
13311687667955
13311687669356
13311687669357
13312687674559
13310687675595
13310687675956
13310687675957
13312687676359
13312687676393
13311687676395
13311687676539
13312687676593
13311687676595
13312687676953
13311687676955
13312687677359
13312687677393
13311687677395
13311687677539
13312687677593
13311687677595
13312687677953
13311687677955
13311687679356
13311687679357
13312687764559
13310687765595
13310687765956
13310687765957
13312687766359
13312687766393
13311687766395
13311687766539
13312687766593
13311687766595
13312687766953
13311687766955
13312687767359
13312687767393
13311687767395
13311687767539
13312687767593
13311687767595
13312687767953
13311687767955
13311687769356
13311687769357
13312687774559
13310687775595
13310687775956
13310687775957
13312687776359
13312687776393
13311687776395
13311687776539
13312687776593
13311687776595
13312687776953
13311687776955
13312687777359
13312687777393
13311687777395
13311687777539
13312687777593
13311687777595
13312687777953
13311687777955
13311687779356
13311687779357
13312687966253
13312687966353
13312687966453
13312687966553
13312687966633
13311687966635
13312687966733
13311687966735
13312687967253
13312687967353
13312687967453
13312687967553
13312687967633
13311687967635
13312687967733
13311687967735
13312687976253
13312687976353
13312687976453
13312687976553
13312687976633
13311687976635
13312687976733
13311687976735
13312687977253
13312687977353
13312687977453
13312687977553
13312687977633
13311687977635
13312687977733
13311687977735
13312692666558
13312692667558
13312692676558
13312692677558
13311692686565
13311692686575
13311692687565
13311692687575
13312692766558
13312692767558
13312692776558
13312692777558
13311692786565
13311692786575
13311692787565
13311692787575
13312693666558
13312693667558
13312693676558
13312693677558
13312693766558
13312693767558
13312693776558
13312693777558
13312694666558
13312694667558
13312694676558
13312694677558
13312694766558
13312694767558
13312694776558
13312694777558
13312694866653
13312694866753
13312694867653
13312694867753
13312694876653
13312694876753
13312694877653
13312694877753
13312695666558
13312695667558
13312695676558
13312695677558
13312695766558
13312695767558
13312695776558
13312695777558
13312696664558
13310696665585
13310696665856
13310696665857
13312696666358
13312696666383
13311696666385
13311696666538
13312696666583
13311696666585
13312696666853
13311696666855
13312696667358
13312696667383
13311696667385
13311696667538
13312696667583
13311696667585
13312696667853
13311696667855
13311696668356
13311696668357
13312696674558
13310696675585
13310696675856
13310696675857
13312696676358
13312696676383
13311696676385
13311696676538
13312696676583
13311696676585
13312696676853
13311696676855
13312696677358
13312696677383
13311696677385
13311696677538
13312696677583
13311696677585
13312696677853
13311696677855
13311696678356
13311696678357
13312696764558
13310696765585
13310696765856
13310696765857
13312696766358
13312696766383
13311696766385
13311696766538
13312696766583
13311696766585
13312696766853
13311696766855
13312696767358
13312696767383
13311696767385
13311696767538
13312696767583
13311696767585
13312696767853
13311696767855
13311696768356
13311696768357
13312696774558
13310696775585
13310696775856
13310696775857
13312696776358
13312696776383
13311696776385
13311696776538
13312696776583
13311696776585
13312696776853
13311696776855
13312696777358
13312696777383
13311696777385
13311696777538
13312696777583
13311696777585
13312696777853
13311696777855
13311696778356
13311696778357
13312696866253
13312696866353
13312696866453
13312696866553
13312696866633
13311696866635
13312696866733
13311696866735
13312696867253
13312696867353
13312696867453
13312696867553
13312696867633
13311696867635
13312696867733
13311696867735
13312696876253
13312696876353
13312696876453
13312696876553
13312696876633
13311696876635
13312696876733
13311696876735
13312696877253
13312696877353
13312696877453
13312696877553
13312696877633
13311696877635
13312696877733
13311696877735
13312697664558
13310697665585
13310697665856
13310697665857
13312697666358
13312697666383
13311697666385
13311697666538
13312697666583
13311697666585
13312697666853
13311697666855
13312697667358
13312697667383
13311697667385
13311697667538
13312697667583
13311697667585
13312697667853
13311697667855
13311697668356
13311697668357
13312697674558
13310697675585
13310697675856
13310697675857
13312697676358
13312697676383
13311697676385
13311697676538
13312697676583
13311697676585
13312697676853
13311697676855
13312697677358
13312697677383
13311697677385
13311697677538
13312697677583
13311697677585
13312697677853
13311697677855
13311697678356
13311697678357
13312697764558
13310697765585
13310697765856
13310697765857
13312697766358
13312697766383
13311697766385
13311697766538
13312697766583
13311697766585
13312697766853
13311697766855
13312697767358
13312697767383
13311697767385
13311697767538
13312697767583
13311697767585
13312697767853
13311697767855
13311697768356
13311697768357
13312697774558
13310697775585
13310697775856
13310697775857
13312697776358
13312697776383
13311697776385
13311697776538
13312697776583
13311697776585
13312697776853
13311697776855
13312697777358
13312697777383
13311697777385
13311697777538
13312697777583
13311697777585
13312697777853
13311697777855
13311697778356
13311697778357
13312697866253
13312697866353
13312697866453
13312697866553
13312697866633
13311697866635
13312697866733
13311697866735
13312697867253
13312697867353
13312697867453
13312697867553
13312697867633
13311697867635
13312697867733
13311697867735
13312697876253
13312697876353
13312697876453
13312697876553
13312697876633
13311697876635
13312697876733
13311697876735
13312697877253
13312697877353
13312697877453
13312697877553
13312697877633
13311697877635
13312697877733
13311697877735
13310736685966
13310736685967
13310736685976
13310736685977
13310736695866
13310736695867
13310736695876
13310736695877
13310736785966
13310736785967
13310736785976
13310736785977
13310736795866
13310736795867
13310736795876
13310736795877
13310737685966
13310737685967
13310737685976
13310737685977
13310737695866
13310737695867
13310737695876
13310737695877
13310737785966
13310737785967
13310737785976
13310737785977
13310737795866
13310737795867
13310737795876
13310737795877
13312738666559
13312738667559
13312738676559
13312738677559
13312738766559
13312738767559
13312738776559
13312738777559
13312739666558
13312739667558
13312739676558
13312739677558
13312739766558
13312739767558
13312739776558
13312739777558
13310763668596
13310763668597
13310763668965
13310763668975
13310763669586
13310763669587
13310763669865
13310763669875
13310763678596
13310763678597
13310763678965
13310763678975
13310763679586
13310763679587
13310763679865
13310763679875
13310763768596
13310763768597
13310763768965
13310763768975
13310763769586
13310763769587
13310763769865
13310763769875
13310763778596
13310763778597
13310763778965
13310763778975
13310763779586
13310763779587
13310763779865
13310763779875
13310763894566
13310763894567
13310763894576
13310763894577
13310763896556
13310763896557
13310763896562
13310763896572
13310763897556
13310763897557
13310763897562
13310763897572
13310763984566
13310763984567
13310763984576
13310763984577
13310763986556
13310763986557
13310763986562
13310763986572
13310763987556
13310763987557
13310763987562
13310763987572
13310766589655
13310766589755
13310766598655
13310766598755
13310767589655
13310767589755
13310767598655
13310767598755
13312768366659
13312768366759
13312768367659
13312768367759
13312768376659
13312768376759
13312768377659
13312768377759
13312768616559
13312768617559
13312768666359
13312768666593
13311768666595
13312768666953
13311768666955
13312768667359
13312768667593
13311768667595
13312768667953
13311768667955
13312768676359
13312768676593
13311768676595
13312768676953
13311768676955
13312768677359
13312768677593
13311768677595
13312768677953
13311768677955
13312768716559
13312768717559
13312768766359
13312768766593
13311768766595
13312768766953
13311768766955
13312768767359
13312768767593
13311768767595
13312768767953
13311768767955
13312768776359
13312768776593
13311768776595
13312768776953
13311768776955
13312768777359
13312768777593
13311768777595
13312768777953
13311768777955
13312769366658
13312769366758
13312769367658
13312769367758
13312769376658
13312769376758
13312769377658
13312769377758
13312769616558
13312769617558
13312769666358
13312769666583
13311769666585
13312769666853
13311769666855
13312769667358
13312769667583
13311769667585
13312769667853
13311769667855
13312769676358
13312769676583
13311769676585
13312769676853
13311769676855
13312769677358
13312769677583
13311769677585
13312769677853
13311769677855
13312769716558
13312769717558
13312769766358
13312769766583
13311769766585
13312769766853
13311769766855
13312769767358
13312769767583
13311769767585
13312769767853
13311769767855
13312769776358
13312769776583
13311769776585
13312769776853
13311769776855
13312769777358
13312769777583
13311769777585
13312769777853
13311769777855
13310773668596
13310773668597
13310773668965
13310773668975
13310773669586
13310773669587
13310773669865
13310773669875
13310773678596
13310773678597
13310773678965
13310773678975
13310773679586
13310773679587
13310773679865
13310773679875
13310773768596
13310773768597
13310773768965
13310773768975
13310773769586
13310773769587
13310773769865
13310773769875
13310773778596
13310773778597
13310773778965
13310773778975
13310773779586
13310773779587
13310773779865
13310773779875
13310773894566
13310773894567
13310773894576
13310773894577
13310773896556
13310773896557
13310773896562
13310773896572
13310773897556
13310773897557
13310773897562
13310773897572
13310773984566
13310773984567
13310773984576
13310773984577
13310773986556
13310773986557
13310773986562
13310773986572
13310773987556
13310773987557
13310773987562
13310773987572
13310776589655
13310776589755
13310776598655
13310776598755
13310777589655
13310777589755
13310777598655
13310777598755
13312778366659
13312778366759
13312778367659
13312778367759
13312778376659
13312778376759
13312778377659
13312778377759
13312778616559
13312778617559
13312778666359
13312778666593
13311778666595
13312778666953
13311778666955
13312778667359
13312778667593
13311778667595
13312778667953
13311778667955
13312778676359
13312778676593
13311778676595
13312778676953
13311778676955
13312778677359
13312778677593
13311778677595
13312778677953
13311778677955
13312778716559
13312778717559
13312778766359
13312778766593
13311778766595
13312778766953
13311778766955
13312778767359
13312778767593
13311778767595
13312778767953
13311778767955
13312778776359
13312778776593
13311778776595
13312778776953
13311778776955
13312778777359
13312778777593
13311778777595
13312778777953
13311778777955
13312779366658
13312779366758
13312779367658
13312779367758
13312779376658
13312779376758
13312779377658
13312779377758
13312779616558
13312779617558
13312779666358
13312779666583
13311779666585
13312779666853
13311779666855
13312779667358
13312779667583
13311779667585
13312779667853
13311779667855
13312779676358
13312779676583
13311779676585
13312779676853
13311779676855
13312779677358
13312779677583
13311779677585
13312779677853
13311779677855
13312779716558
13312779717558
13312779766358
13312779766583
13311779766585
13312779766853
13311779766855
13312779767358
13312779767583
13311779767585
13312779767853
13311779767855
13312779776358
13312779776583
13311779776585
13312779776853
13311779776855
13312779777358
13312779777583
13311779777585
13312779777853
13311779777855
13312782666559
13312782667559
13312782676559
13312782677559
13311782696565
13311782696575
13311782697565
13311782697575
13312782766559
13312782767559
13312782776559
13312782777559
13311782796565
13311782796575
13311782797565
13311782797575
13312783666559
13312783667559
13312783676559
13312783677559
13312783766559
13312783767559
13312783776559
13312783777559
13312784666559
13312784667559
13312784676559
13312784677559
13312784766559
13312784767559
13312784776559
13312784777559
13312784966653
13312784966753
13312784967653
13312784967753
13312784976653
13312784976753
13312784977653
13312784977753
13312785666559
13312785667559
13312785676559
13312785677559
13312785766559
13312785767559
13312785776559
13312785777559
13312786664559
13310786665595
13310786665956
13310786665957
13312786666359
13312786666393
13311786666395
13311786666539
13312786666593
13311786666595
13312786666953
13311786666955
13312786667359
13312786667393
13311786667395
13311786667539
13312786667593
13311786667595
13312786667953
13311786667955
13311786669356
13311786669357
13312786674559
13310786675595
13310786675956
13310786675957
13312786676359
13312786676393
13311786676395
13311786676539
13312786676593
13311786676595
13312786676953
13311786676955
13312786677359
13312786677393
13311786677395
13311786677539
13312786677593
13311786677595
13312786677953
13311786677955
13311786679356
13311786679357
13312786764559
13310786765595
13310786765956
13310786765957
13312786766359
13312786766393
13311786766395
13311786766539
13312786766593
13311786766595
13312786766953
13311786766955
13312786767359
13312786767393
13311786767395
13311786767539
13312786767593
13311786767595
13312786767953
13311786767955
13311786769356
13311786769357
13312786774559
13310786775595
13310786775956
13310786775957
13312786776359
13312786776393
13311786776395
13311786776539
13312786776593
13311786776595
13312786776953
13311786776955
13312786777359
13312786777393
13311786777395
13311786777539
13312786777593
13311786777595
13312786777953
13311786777955
13311786779356
13311786779357
13312786966253
13312786966353
13312786966453
13312786966553
13312786966633
13311786966635
13312786966733
13311786966735
13312786967253
13312786967353
13312786967453
13312786967553
13312786967633
13311786967635
13312786967733
13311786967735
13312786976253
13312786976353
13312786976453
13312786976553
13312786976633
13311786976635
13312786976733
13311786976735
13312786977253
13312786977353
13312786977453
13312786977553
13312786977633
13311786977635
13312786977733
13311786977735
13312787664559
13310787665595
13310787665956
13310787665957
13312787666359
13312787666393
13311787666395
13311787666539
13312787666593
13311787666595
13312787666953
13311787666955
13312787667359
13312787667393
13311787667395
13311787667539
13312787667593
13311787667595
13312787667953
13311787667955
13311787669356
13311787669357
13312787674559
13310787675595
13310787675956
13310787675957
13312787676359
13312787676393
13311787676395
13311787676539
13312787676593
13311787676595
13312787676953
13311787676955
13312787677359
13312787677393
13311787677395
13311787677539
13312787677593
13311787677595
13312787677953
13311787677955
13311787679356
13311787679357
13312787764559
13310787765595
13310787765956
13310787765957
13312787766359
13312787766393
13311787766395
13311787766539
13312787766593
13311787766595
13312787766953
13311787766955
13312787767359
13312787767393
13311787767395
13311787767539
13312787767593
13311787767595
13312787767953
13311787767955
13311787769356
13311787769357
13312787774559
13310787775595
13310787775956
13310787775957
13312787776359
13312787776393
13311787776395
13311787776539
13312787776593
13311787776595
13312787776953
13311787776955
13312787777359
13312787777393
13311787777395
13311787777539
13312787777593
13311787777595
13312787777953
13311787777955
13311787779356
13311787779357
13312787966253
13312787966353
13312787966453
13312787966553
13312787966633
13311787966635
13312787966733
13311787966735
13312787967253
13312787967353
13312787967453
13312787967553
13312787967633
13311787967635
13312787967733
13311787967735
13312787976253
13312787976353
13312787976453
13312787976553
13312787976633
13311787976635
13312787976733
13311787976735
13312787977253
13312787977353
13312787977453
13312787977553
13312787977633
13311787977635
13312787977733
13311787977735
13312792666558
13312792667558
13312792676558
13312792677558
13311792686565
13311792686575
13311792687565
13311792687575
13312792766558
13312792767558
13312792776558
13312792777558
13311792786565
13311792786575
13311792787565
13311792787575
13312793666558
13312793667558
13312793676558
13312793677558
13312793766558
13312793767558
13312793776558
13312793777558
13312794666558
13312794667558
13312794676558
13312794677558
13312794766558
13312794767558
13312794776558
13312794777558
13312794866653
13312794866753
13312794867653
13312794867753
13312794876653
13312794876753
13312794877653
13312794877753
13312795666558
13312795667558
13312795676558
13312795677558
13312795766558
13312795767558
13312795776558
13312795777558
13312796664558
13310796665585
13310796665856
13310796665857
13312796666358
13312796666383
13311796666385
13311796666538
13312796666583
13311796666585
13312796666853
13311796666855
13312796667358
13312796667383
13311796667385
13311796667538
13312796667583
13311796667585
13312796667853
13311796667855
13311796668356
13311796668357
13312796674558
13310796675585
13310796675856
13310796675857
13312796676358
13312796676383
13311796676385
13311796676538
13312796676583
13311796676585
13312796676853
13311796676855
13312796677358
13312796677383
13311796677385
13311796677538
13312796677583
13311796677585
13312796677853
13311796677855
13311796678356
13311796678357
13312796764558
13310796765585
13310796765856
13310796765857
13312796766358
13312796766383
13311796766385
13311796766538
13312796766583
13311796766585
13312796766853
13311796766855
13312796767358
13312796767383
13311796767385
13311796767538
13312796767583
13311796767585
13312796767853
13311796767855
13311796768356
13311796768357
13312796774558
13310796775585
13310796775856
13310796775857
13312796776358
13312796776383
13311796776385
13311796776538
13312796776583
13311796776585
13312796776853
13311796776855
13312796777358
13312796777383
13311796777385
13311796777538
13312796777583
13311796777585
13312796777853
13311796777855
13311796778356
13311796778357
13312796866253
13312796866353
13312796866453
13312796866553
13312796866633
13311796866635
13312796866733
13311796866735
13312796867253
13312796867353
13312796867453
13312796867553
13312796867633
13311796867635
13312796867733
13311796867735
13312796876253
13312796876353
13312796876453
13312796876553
13312796876633
13311796876635
13312796876733
13311796876735
13312796877253
13312796877353
13312796877453
13312796877553
13312796877633
13311796877635
13312796877733
13311796877735
13312797664558
13310797665585
13310797665856
13310797665857
13312797666358
13312797666383
13311797666385
13311797666538
13312797666583
13311797666585
13312797666853
13311797666855
13312797667358
13312797667383
13311797667385
13311797667538
13312797667583
13311797667585
13312797667853
13311797667855
13311797668356
13311797668357
13312797674558
13310797675585
13310797675856
13310797675857
13312797676358
13312797676383
13311797676385
13311797676538
13312797676583
13311797676585
13312797676853
13311797676855
13312797677358
13312797677383
13311797677385
13311797677538
13312797677583
13311797677585
13312797677853
13311797677855
13311797678356
13311797678357
13312797764558
13310797765585
13310797765856
13310797765857
13312797766358
13312797766383
13311797766385
13311797766538
13312797766583
13311797766585
13312797766853
13311797766855
13312797767358
13312797767383
13311797767385
13311797767538
13312797767583
13311797767585
13312797767853
13311797767855
13311797768356
13311797768357
13312797774558
13310797775585
13310797775856
13310797775857
13312797776358
13312797776383
13311797776385
13311797776538
13312797776583
13311797776585
13312797776853
13311797776855
13312797777358
13312797777383
13311797777385
13311797777538
13312797777583
13311797777585
13312797777853
13311797777855
13311797778356
13311797778357
13312797866253
13312797866353
13312797866453
13312797866553
13312797866633
13311797866635
13312797866733
13311797866735
13312797867253
13312797867353
13312797867453
13312797867553
13312797867633
13311797867635
13312797867733
13311797867735
13312797876253
13312797876353
13312797876453
13312797876553
13312797876633
13311797876635
13312797876733
13311797876735
13312797877253
13312797877353
13312797877453
13312797877553
13312797877633
13311797877635
13312797877733
13311797877735
13310846669556
13310846669557
13310846679556
13310846679557
13310846769556
13310846769557
13310846779556
13310846779557
13310847669556
13310847669557
13310847679556
13310847679557
13310847769556
13310847769557
13310847779556
13310847779557
13310863662396
13310863662397
13310863662539
13310863669556
13310863669557
13310863672396
13310863672397
13310863672539
13310863679556
13310863679557
13310863762396
13310863762397
13310863762539
13310863769556
13310863769557
13310863772396
13310863772397
13310863772539
13310863779556
13310863779557
13310866665396
13310866665397
13310866665539
13312866666393
13311866666395
13311866666539
13312866667393
13311866667395
13311866667539
13310866669356
13310866669357
13310866669552
13310866669553
13310866669554
13310866669555
13310866675396
13310866675397
13310866675539
13312866676393
13311866676395
13311866676539
13312866677393
13311866677395
13311866677539
13310866679356
13310866679357
13310866679552
13310866679553
13310866679554
13310866679555
13310866765396
13310866765397
13310866765539
13312866766393
13311866766395
13311866766539
13312866767393
13311866767395
13311866767539
13310866769356
13310866769357
13310866769552
13310866769553
13310866769554
13310866769555
13310866775396
13310866775397
13310866775539
13312866776393
13311866776395
13311866776539
13312866777393
13311866777395
13311866777539
13310866779356
13310866779357
13310866779552
13310866779553
13310866779554
13310866779555
13310867665396
13310867665397
13310867665539
13312867666393
13311867666395
13311867666539
13312867667393
13311867667395
13311867667539
13310867669356
13310867669357
13310867669552
13310867669553
13310867669554
13310867669555
13310867675396
13310867675397
13310867675539
13312867676393
13311867676395
13311867676539
13312867677393
13311867677395
13311867677539
13310867679356
13310867679357
13310867679552
13310867679553
13310867679554
13310867679555
13310867765396
13310867765397
13310867765539
13312867766393
13311867766395
13311867766539
13312867767393
13311867767395
13311867767539
13310867769356
13310867769357
13310867769552
13310867769553
13310867769554
13310867769555
13310867775396
13310867775397
13310867775539
13312867776393
13311867776395
13311867776539
13312867777393
13311867777395
13311867777539
13310867779356
13310867779357
13310867779552
13310867779553
13310867779554
13310867779555
13310873662396
13310873662397
13310873662539
13310873669556
13310873669557
13310873672396
13310873672397
13310873672539
13310873679556
13310873679557
13310873762396
13310873762397
13310873762539
13310873769556
13310873769557
13310873772396
13310873772397
13310873772539
13310873779556
13310873779557
13310876665396
13310876665397
13310876665539
13312876666393
13311876666395
13311876666539
13312876667393
13311876667395
13311876667539
13310876669356
13310876669357
13310876669552
13310876669553
13310876669554
13310876669555
13310876675396
13310876675397
13310876675539
13312876676393
13311876676395
13311876676539
13312876677393
13311876677395
13311876677539
13310876679356
13310876679357
13310876679552
13310876679553
13310876679554
13310876679555
13310876765396
13310876765397
13310876765539
13312876766393
13311876766395
13311876766539
13312876767393
13311876767395
13311876767539
13310876769356
13310876769357
13310876769552
13310876769553
13310876769554
13310876769555
13310876775396
13310876775397
13310876775539
13312876776393
13311876776395
13311876776539
13312876777393
13311876777395
13311876777539
13310876779356
13310876779357
13310876779552
13310876779553
13310876779554
13310876779555
13310877665396
13310877665397
13310877665539
13312877666393
13311877666395
13311877666539
13312877667393
13311877667395
13311877667539
13310877669356
13310877669357
13310877669552
13310877669553
13310877669554
13310877669555
13310877675396
13310877675397
13310877675539
13312877676393
13311877676395
13311877676539
13312877677393
13311877677395
13311877677539
13310877679356
13310877679357
13310877679552
13310877679553
13310877679554
13310877679555
13310877765396
13310877765397
13310877765539
13312877766393
13311877766395
13311877766539
13312877767393
13311877767395
13311877767539
13310877769356
13310877769357
13310877769552
13310877769553
13310877769554
13310877769555
13310877775396
13310877775397
13310877775539
13312877776393
13311877776395
13311877776539
13312877777393
13311877777395
13311877777539
13310877779356
13310877779357
13310877779552
13310877779553
13310877779554
13310877779555
13301344689666
13301344689667
13301344689676
13301344689677
13301344689766
13301344689767
13301344689776
13301344689777
13301344698666
13301344698667
13301344698676
13301344698677
13301344698766
13301344698767
13301344698776
13301344698777
13301344789666
13301344789667
13301344789676
13301344789677
13301344789766
13301344789767
13301344789776
13301344789777
13301344798666
13301344798667
13301344798676
13301344798677
13301344798766
13301344798767
13301344798776
13301344798777
13301364389666
13301364389667
13301364389676
13301364389677
13301364389766
13301364389767
13301364389776
13301364389777
13301364398666
13301364398667
13301364398676
13301364398677
13301364398766
13301364398767
13301364398776
13301364398777
13301364689566
13301364689567
13301364689576
13301364689577
13301364689662
13301364689665
13301364689672
13301364689675
13301364689762
13301364689765
13301364689772
13301364689775
13301364698566
13301364698567
13301364698576
13301364698577
13301364698662
13301364698665
13301364698672
13301364698675
13301364698762
13301364698765
13301364698772
13301364698775
13301364789566
13301364789567
13301364789576
13301364789577
13301364789662
13301364789665
13301364789672
13301364789675
13301364789762
13301364789765
13301364789772
13301364789775
13301364798566
13301364798567
13301364798576
13301364798577
13301364798662
13301364798665
13301364798672
13301364798675
13301364798762
13301364798765
13301364798772
13301364798775
13301366389665
13301366389675
13301366389765
13301366389775
13301366398665
13301366398675
13301366398765
13301366398775
13301366689565
13301366689575
13301366689625
13301366689725
13301366698565
13301366698575
13301366698625
13301366698725
13301366789565
13301366789575
13301366789625
13301366789725
13301366798565
13301366798575
13301366798625
13301366798725
13301366866569
13301366866579
13301366866695
13301366866795
13301366867569
13301366867579
13301366867695
13301366867795
13300366869566
13300366869567
13300366869576
13300366869577
13301366876569
13301366876579
13301366876695
13301366876795
13301366877569
13301366877579
13301366877695
13301366877795
13300366879566
13300366879567
13300366879576
13300366879577
13301366966568
13301366966578
13301366966685
13301366966785
13301366967568
13301366967578
13301366967685
13301366967785
13300366968566
13300366968567
13300366968576
13300366968577
13301366976568
13301366976578
13301366976685
13301366976785
13301366977568
13301366977578
13301366977685
13301366977785
13300366978566
13300366978567
13300366978576
13300366978577
13301367389665
13301367389675
13301367389765
13301367389775
13301367398665
13301367398675
13301367398765
13301367398775
13301367689565
13301367689575
13301367689625
13301367689725
13301367698565
13301367698575
13301367698625
13301367698725
13301367789565
13301367789575
13301367789625
13301367789725
13301367798565
13301367798575
13301367798625
13301367798725
13301367866569
13301367866579
13301367866695
13301367866795
13301367867569
13301367867579
13301367867695
13301367867795
13300367869566
13300367869567
13300367869576
13300367869577
13301367876569
13301367876579
13301367876695
13301367876795
13301367877569
13301367877579
13301367877695
13301367877795
13300367879566
13300367879567
13300367879576
13300367879577
13301367966568
13301367966578
13301367966685
13301367966785
13301367967568
13301367967578
13301367967685
13301367967785
13300367968566
13300367968567
13300367968576
13300367968577
13301367976568
13301367976578
13301367976685
13301367976785
13301367977568
13301367977578
13301367977685
13301367977785
13300367978566
13300367978567
13300367978576
13300367978577
13301368366695
13301368366795
13301368367695
13301368367795
13301368376695
13301368376795
13301368377695
13301368377795
13301368466955
13301368467955
13301368476955
13301368477955
13301369366685
13301369366785
13301369367685
13301369367785
13301369376685
13301369376785
13301369377685
13301369377785
13301369466855
13301369467855
13301369476855
13301369477855
13301374389666
13301374389667
13301374389676
13301374389677
13301374389766
13301374389767
13301374389776
13301374389777
13301374398666
13301374398667
13301374398676
13301374398677
13301374398766
13301374398767
13301374398776
13301374398777
13301374689566
13301374689567
13301374689576
13301374689577
13301374689662
13301374689665
13301374689672
13301374689675
13301374689762
13301374689765
13301374689772
13301374689775
13301374698566
13301374698567
13301374698576
13301374698577
13301374698662
13301374698665
13301374698672
13301374698675
13301374698762
13301374698765
13301374698772
13301374698775
13301374789566
13301374789567
13301374789576
13301374789577
13301374789662
13301374789665
13301374789672
13301374789675
13301374789762
13301374789765
13301374789772
13301374789775
13301374798566
13301374798567
13301374798576
13301374798577
13301374798662
13301374798665
13301374798672
13301374798675
13301374798762
13301374798765
13301374798772
13301374798775
13301376389665
13301376389675
13301376389765
13301376389775
13301376398665
13301376398675
13301376398765
13301376398775
13301376689565
13301376689575
13301376689625
13301376689725
13301376698565
13301376698575
13301376698625
13301376698725
13301376789565
13301376789575
13301376789625
13301376789725
13301376798565
13301376798575
13301376798625
13301376798725
13301376866569
13301376866579
13301376866695
13301376866795
13301376867569
13301376867579
13301376867695
13301376867795
13300376869566
13300376869567
13300376869576
13300376869577
13301376876569
13301376876579
13301376876695
13301376876795
13301376877569
13301376877579
13301376877695
13301376877795
13300376879566
13300376879567
13300376879576
13300376879577
13301376966568
13301376966578
13301376966685
13301376966785
13301376967568
13301376967578
13301376967685
13301376967785
13300376968566
13300376968567
13300376968576
13300376968577
13301376976568
13301376976578
13301376976685
13301376976785
13301376977568
13301376977578
13301376977685
13301376977785
13300376978566
13300376978567
13300376978576
13300376978577
13301377389665
13301377389675
13301377389765
13301377389775
13301377398665
13301377398675
13301377398765
13301377398775
13301377689565
13301377689575
13301377689625
13301377689725
13301377698565
13301377698575
13301377698625
13301377698725
13301377789565
13301377789575
13301377789625
13301377789725
13301377798565
13301377798575
13301377798625
13301377798725
13301377866569
13301377866579
13301377866695
13301377866795
13301377867569
13301377867579
13301377867695
13301377867795
13300377869566
13300377869567
13300377869576
13300377869577
13301377876569
13301377876579
13301377876695
13301377876795
13301377877569
13301377877579
13301377877695
13301377877795
13300377879566
13300377879567
13300377879576
13300377879577
13301377966568
13301377966578
13301377966685
13301377966785
13301377967568
13301377967578
13301377967685
13301377967785
13300377968566
13300377968567
13300377968576
13300377968577
13301377976568
13301377976578
13301377976685
13301377976785
13301377977568
13301377977578
13301377977685
13301377977785
13300377978566
13300377978567
13300377978576
13300377978577
13301378366695
13301378366795
13301378367695
13301378367795
13301378376695
13301378376795
13301378377695
13301378377795
13301378466955
13301378467955
13301378476955
13301378477955
13301379366685
13301379366785
13301379367685
13301379367785
13301379376685
13301379376785
13301379377685
13301379377785
13301379466855
13301379467855
13301379476855
13301379477855
13300426869666
13300426869667
13300426869676
13300426869677
13300426869766
13300426869767
13300426869776
13300426869777
13300426879666
13300426879667
13300426879676
13300426879677
13300426879766
13300426879767
13300426879776
13300426879777
13300426968666
13300426968667
13300426968676
13300426968677
13300426968766
13300426968767
13300426968776
13300426968777
13300426978666
13300426978667
13300426978676
13300426978677
13300426978766
13300426978767
13300426978776
13300426978777
13300427869666
13300427869667
13300427869676
13300427869677
13300427869766
13300427869767
13300427869776
13300427869777
13300427879666
13300427879667
13300427879676
13300427879677
13300427879766
13300427879767
13300427879776
13300427879777
13300427968666
13300427968667
13300427968676
13300427968677
13300427968766
13300427968767
13300427968776
13300427968777
13300427978666
13300427978667
13300427978676
13300427978677
13300427978766
13300427978767
13300427978776
13300427978777
13300436869666
13300436869667
13300436869676
13300436869677
13300436869766
13300436869767
13300436869776
13300436869777
13300436879666
13300436879667
13300436879676
13300436879677
13300436879766
13300436879767
13300436879776
13300436879777
13300436968666
13300436968667
13300436968676
13300436968677
13300436968766
13300436968767
13300436968776
13300436968777
13300436978666
13300436978667
13300436978676
13300436978677
13300436978766
13300436978767
13300436978776
13300436978777
13300437869666
13300437869667
13300437869676
13300437869677
13300437869766
13300437869767
13300437869776
13300437869777
13300437879666
13300437879667
13300437879676
13300437879677
13300437879766
13300437879767
13300437879776
13300437879777
13300437968666
13300437968667
13300437968676
13300437968677
13300437968766
13300437968767
13300437968776
13300437968777
13300437978666
13300437978667
13300437978676
13300437978677
13300437978766
13300437978767
13300437978776
13300437978777
13300446869666
13300446869667
13300446869676
13300446869677
13300446869766
13300446869767
13300446869776
13300446869777
13300446879666
13300446879667
13300446879676
13300446879677
13300446879766
13300446879767
13300446879776
13300446879777
13300446968666
13300446968667
13300446968676
13300446968677
13300446968766
13300446968767
13300446968776
13300446968777
13300446978666
13300446978667
13300446978676
13300446978677
13300446978766
13300446978767
13300446978776
13300446978777
13300447869666
13300447869667
13300447869676
13300447869677
13300447869766
13300447869767
13300447869776
13300447869777
13300447879666
13300447879667
13300447879676
13300447879677
13300447879766
13300447879767
13300447879776
13300447879777
13300447968666
13300447968667
13300447968676
13300447968677
13300447968766
13300447968767
13300447968776
13300447968777
13300447978666
13300447978667
13300447978676
13300447978677
13300447978766
13300447978767
13300447978776
13300447978777
13300456869666
13300456869667
13300456869676
13300456869677
13300456869766
13300456869767
13300456869776
13300456869777
13300456879666
13300456879667
13300456879676
13300456879677
13300456879766
13300456879767
13300456879776
13300456879777
13300456968666
13300456968667
13300456968676
13300456968677
13300456968766
13300456968767
13300456968776
13300456968777
13300456978666
13300456978667
13300456978676
13300456978677
13300456978766
13300456978767
13300456978776
13300456978777
13300457869666
13300457869667
13300457869676
13300457869677
13300457869766
13300457869767
13300457869776
13300457869777
13300457879666
13300457879667
13300457879676
13300457879677
13300457879766
13300457879767
13300457879776
13300457879777
13300457968666
13300457968667
13300457968676
13300457968677
13300457968766
13300457968767
13300457968776
13300457968777
13300457978666
13300457978667
13300457978676
13300457978677
13300457978766
13300457978767
13300457978776
13300457978777
13300463869666
13300463869667
13300463869676
13300463869677
13300463869766
13300463869767
13300463869776
13300463869777
13300463879666
13300463879667
13300463879676
13300463879677
13300463879766
13300463879767
13300463879776
13300463879777
13300463968666
13300463968667
13300463968676
13300463968677
13300463968766
13300463968767
13300463968776
13300463968777
13300463978666
13300463978667
13300463978676
13300463978677
13300463978766
13300463978767
13300463978776
13300463978777
13300466869566
13300466869567
13300466869576
13300466869577
13300466869662
13300466869672
13300466869762
13300466869772
13300466879566
13300466879567
13300466879576
13300466879577
13300466879662
13300466879672
13300466879762
13300466879772
13300466968566
13300466968567
13300466968576
13300466968577
13300466968662
13300466968672
13300466968762
13300466968772
13300466978566
13300466978567
13300466978576
13300466978577
13300466978662
13300466978672
13300466978762
13300466978772
13300467869566
13300467869567
13300467869576
13300467869577
13300467869662
13300467869672
13300467869762
13300467869772
13300467879566
13300467879567
13300467879576
13300467879577
13300467879662
13300467879672
13300467879762
13300467879772
13300467968566
13300467968567
13300467968576
13300467968577
13300467968662
13300467968672
13300467968762
13300467968772
13300467978566
13300467978567
13300467978576
13300467978577
13300467978662
13300467978672
13300467978762
13300467978772
13301468966655
13301468966755
13301468967655
13301468967755
13301468976655
13301468976755
13301468977655
13301468977755
13301469866655
13301469866755
13301469867655
13301469867755
13301469876655
13301469876755
13301469877655
13301469877755
13300473869666
13300473869667
13300473869676
13300473869677
13300473869766
13300473869767
13300473869776
13300473869777
13300473879666
13300473879667
13300473879676
13300473879677
13300473879766
13300473879767
13300473879776
13300473879777
13300473968666
13300473968667
13300473968676
13300473968677
13300473968766
13300473968767
13300473968776
13300473968777
13300473978666
13300473978667
13300473978676
13300473978677
13300473978766
13300473978767
13300473978776
13300473978777
13300476869566
13300476869567
13300476869576
13300476869577
13300476869662
13300476869672
13300476869762
13300476869772
13300476879566
13300476879567
13300476879576
13300476879577
13300476879662
13300476879672
13300476879762
13300476879772
13300476968566
13300476968567
13300476968576
13300476968577
13300476968662
13300476968672
13300476968762
13300476968772
13300476978566
13300476978567
13300476978576
13300476978577
13300476978662
13300476978672
13300476978762
13300476978772
13300477869566
13300477869567
13300477869576
13300477869577
13300477869662
13300477869672
13300477869762
13300477869772
13300477879566
13300477879567
13300477879576
13300477879577
13300477879662
13300477879672
13300477879762
13300477879772
13300477968566
13300477968567
13300477968576
13300477968577
13300477968662
13300477968672
13300477968762
13300477968772
13300477978566
13300477978567
13300477978576
13300477978577
13300477978662
13300477978672
13300477978762
13300477978772
13301478966655
13301478966755
13301478967655
13301478967755
13301478976655
13301478976755
13301478977655
13301478977755
13301479866655
13301479866755
13301479867655
13301479867755
13301479876655
13301479876755
13301479877655
13301479877755
13300723869666
13300723869667
13300723869676
13300723869677
13300723869766
13300723869767
13300723869776
13300723869777
13300723879666
13300723879667
13300723879676
13300723879677
13300723879766
13300723879767
13300723879776
13300723879777
13300723968666
13300723968667
13300723968676
13300723968677
13300723968766
13300723968767
13300723968776
13300723968777
13300723978666
13300723978667
13300723978676
13300723978677
13300723978766
13300723978767
13300723978776
13300723978777
13300726869566
13300726869567
13300726869576
13300726869577
13300726869662
13300726869672
13300726869762
13300726869772
13300726879566
13300726879567
13300726879576
13300726879577
13300726879662
13300726879672
13300726879762
13300726879772
13300726968566
13300726968567
13300726968576
13300726968577
13300726968662
13300726968672
13300726968762
13300726968772
13300726978566
13300726978567
13300726978576
13300726978577
13300726978662
13300726978672
13300726978762
13300726978772
13300727869566
13300727869567
13300727869576
13300727869577
13300727869662
13300727869672
13300727869762
13300727869772
13300727879566
13300727879567
13300727879576
13300727879577
13300727879662
13300727879672
13300727879762
13300727879772
13300727968566
13300727968567
13300727968576
13300727968577
13300727968662
13300727968672
13300727968762
13300727968772
13300727978566
13300727978567
13300727978576
13300727978577
13300727978662
13300727978672
13300727978762
13300727978772
13300733869666
13300733869667
13300733869676
13300733869677
13300733869766
13300733869767
13300733869776
13300733869777
13300733879666
13300733879667
13300733879676
13300733879677
13300733879766
13300733879767
13300733879776
13300733879777
13300733968666
13300733968667
13300733968676
13300733968677
13300733968766
13300733968767
13300733968776
13300733968777
13300733978666
13300733978667
13300733978676
13300733978677
13300733978766
13300733978767
13300733978776
13300733978777
13301736586669
13301736586679
13301736586769
13301736586779
13301736587669
13301736587679
13301736587769
13301736587779
13301736596668
13301736596678
13301736596768
13301736596778
13301736597668
13301736597678
13301736597768
13301736597778
13300736869566
13300736869567
13300736869576
13300736869577
13300736869662
13300736869672
13300736869762
13300736869772
13300736879566
13300736879567
13300736879576
13300736879577
13300736879662
13300736879672
13300736879762
13300736879772
13300736968566
13300736968567
13300736968576
13300736968577
13300736968662
13300736968672
13300736968762
13300736968772
13300736978566
13300736978567
13300736978576
13300736978577
13300736978662
13300736978672
13300736978762
13300736978772
13301737586669
13301737586679
13301737586769
13301737586779
13301737587669
13301737587679
13301737587769
13301737587779
13301737596668
13301737596678
13301737596768
13301737596778
13301737597668
13301737597678
13301737597768
13301737597778
13300737869566
13300737869567
13300737869576
13300737869577
13300737869662
13300737869672
13300737869762
13300737869772
13300737879566
13300737879567
13300737879576
13300737879577
13300737879662
13300737879672
13300737879762
13300737879772
13300737968566
13300737968567
13300737968576
13300737968577
13300737968662
13300737968672
13300737968762
13300737968772
13300737978566
13300737978567
13300737978576
13300737978577
13300737978662
13300737978672
13300737978762
13300737978772
13301738966655
13301738966755
13301738967655
13301738967755
13301738976655
13301738976755
13301738977655
13301738977755
13301739866655
13301739866755
13301739867655
13301739867755
13301739876655
13301739876755
13301739877655
13301739877755
13300743869666
13300743869667
13300743869676
13300743869677
13300743869766
13300743869767
13300743869776
13300743869777
13300743879666
13300743879667
13300743879676
13300743879677
13300743879766
13300743879767
13300743879776
13300743879777
13300743968666
13300743968667
13300743968676
13300743968677
13300743968766
13300743968767
13300743968776
13300743968777
13300743978666
13300743978667
13300743978676
13300743978677
13300743978766
13300743978767
13300743978776
13300743978777
13300746869566
13300746869567
13300746869576
13300746869577
13300746869662
13300746869672
13300746869762
13300746869772
13300746879566
13300746879567
13300746879576
13300746879577
13300746879662
13300746879672
13300746879762
13300746879772
13300746968566
13300746968567
13300746968576
13300746968577
13300746968662
13300746968672
13300746968762
13300746968772
13300746978566
13300746978567
13300746978576
13300746978577
13300746978662
13300746978672
13300746978762
13300746978772
13300747869566
13300747869567
13300747869576
13300747869577
13300747869662
13300747869672
13300747869762
13300747869772
13300747879566
13300747879567
13300747879576
13300747879577
13300747879662
13300747879672
13300747879762
13300747879772
13300747968566
13300747968567
13300747968576
13300747968577
13300747968662
13300747968672
13300747968762
13300747968772
13300747978566
13300747978567
13300747978576
13300747978577
13300747978662
13300747978672
13300747978762
13300747978772
13300753869666
13300753869667
13300753869676
13300753869677
13300753869766
13300753869767
13300753869776
13300753869777
13300753879666
13300753879667
13300753879676
13300753879677
13300753879766
13300753879767
13300753879776
13300753879777
13300753968666
13300753968667
13300753968676
13300753968677
13300753968766
13300753968767
13300753968776
13300753968777
13300753978666
13300753978667
13300753978676
13300753978677
13300753978766
13300753978767
13300753978776
13300753978777
13300756869566
13300756869567
13300756869576
13300756869577
13300756869662
13300756869672
13300756869762
13300756869772
13300756879566
13300756879567
13300756879576
13300756879577
13300756879662
13300756879672
13300756879762
13300756879772
13300756968566
13300756968567
13300756968576
13300756968577
13300756968662
13300756968672
13300756968762
13300756968772
13300756978566
13300756978567
13300756978576
13300756978577
13300756978662
13300756978672
13300756978762
13300756978772
13300757869566
13300757869567
13300757869576
13300757869577
13300757869662
13300757869672
13300757869762
13300757869772
13300757879566
13300757879567
13300757879576
13300757879577
13300757879662
13300757879672
13300757879762
13300757879772
13300757968566
13300757968567
13300757968576
13300757968577
13300757968662
13300757968672
13300757968762
13300757968772
13300757978566
13300757978567
13300757978576
13300757978577
13300757978662
13300757978672
13300757978762
13300757978772
13300763869566
13300763869567
13300763869576
13300763869577
13300763869662
13300763869665
13300763869672
13300763869675
13300763869762
13300763869765
13300763869772
13300763869775
13300763879566
13300763879567
13300763879576
13300763879577
13300763879662
13300763879665
13300763879672
13300763879675
13300763879762
13300763879765
13300763879772
13300763879775
13300763968566
13300763968567
13300763968576
13300763968577
13300763968662
13300763968665
13300763968672
13300763968675
13300763968762
13300763968765
13300763968772
13300763968775
13300763978566
13300763978567
13300763978576
13300763978577
13300763978662
13300763978665
13300763978672
13300763978675
13300763978762
13300763978765
13300763978772
13300763978775
13300766589666
13300766589667
13300766589676
13300766589677
13300766589766
13300766589767
13300766589776
13300766589777
13300766598666
13300766598667
13300766598676
13300766598677
13300766598766
13300766598767
13300766598776
13300766598777
13300766849665
13300766849666
13300766849667
13300766849675
13300766849676
13300766849677
13300766849765
13300766849766
13300766849767
13300766849775
13300766849776
13300766849777
13300766859566
13300766859567
13300766859576
13300766859577
13300766869562
13300766869572
13300766879562
13300766879572
13301766893556
13301766893557
13300766895666
13300766895667
13300766895676
13300766895677
13300766895766
13300766895767
13300766895776
13300766895777
13300766948665
13300766948666
13300766948667
13300766948675
13300766948676
13300766948677
13300766948765
13300766948766
13300766948767
13300766948775
13300766948776
13300766948777
13300766958566
13300766958567
13300766958576
13300766958577
13300766968562
13300766968572
13300766978562
13300766978572
13301766983556
13301766983557
13300766985666
13300766985667
13300766985676
13300766985677
13300766985766
13300766985767
13300766985776
13300766985777
13300767589666
13300767589667
13300767589676
13300767589677
13300767589766
13300767589767
13300767589776
13300767589777
13300767598666
13300767598667
13300767598676
13300767598677
13300767598766
13300767598767
13300767598776
13300767598777
13300767849665
13300767849666
13300767849667
13300767849675
13300767849676
13300767849677
13300767849765
13300767849766
13300767849767
13300767849775
13300767849776
13300767849777
13300767859566
13300767859567
13300767859576
13300767859577
13300767869562
13300767869572
13300767879562
13300767879572
13301767893556
13301767893557
13300767895666
13300767895667
13300767895676
13300767895677
13300767895766
13300767895767
13300767895776
13300767895777
13300767948665
13300767948666
13300767948667
13300767948675
13300767948676
13300767948677
13300767948765
13300767948766
13300767948767
13300767948775
13300767948776
13300767948777
13300767958566
13300767958567
13300767958576
13300767958577
13300767968562
13300767968572
13300767978562
13300767978572
13301767983556
13301767983557
13300767985666
13300767985667
13300767985676
13300767985677
13300767985766
13300767985767
13300767985776
13300767985777
13302768366659
13301768366695
13302768366759
13301768366795
13302768367659
13301768367695
13302768367759
13301768367795
13302768376659
13301768376695
13302768376759
13301768376795
13302768377659
13301768377695
13302768377759
13301768377795
13301768466955
13301768467955
13301768476955
13301768477955
13301768966255
13301768966355
13301768966455
13301768966555
13301768966635
13302768966653
13301768966735
13302768966753
13301768967255
13301768967355
13301768967455
13301768967555
13301768967635
13302768967653
13301768967735
13302768967753
13301768976255
13301768976355
13301768976455
13301768976555
13301768976635
13302768976653
13301768976735
13302768976753
13301768977255
13301768977355
13301768977455
13301768977555
13301768977635
13302768977653
13301768977735
13302768977753
13302769366658
13301769366685
13302769366758
13301769366785
13302769367658
13301769367685
13302769367758
13301769367785
13302769376658
13301769376685
13302769376758
13301769376785
13302769377658
13301769377685
13302769377758
13301769377785
13301769466855
13301769467855
13301769476855
13301769477855
13301769866255
13301769866355
13301769866455
13301769866555
13301769866635
13302769866653
13301769866735
13302769866753
13301769867255
13301769867355
13301769867455
13301769867555
13301769867635
13302769867653
13301769867735
13302769867753
13301769876255
13301769876355
13301769876455
13301769876555
13301769876635
13302769876653
13301769876735
13302769876753
13301769877255
13301769877355
13301769877455
13301769877555
13301769877635
13302769877653
13301769877735
13302769877753
13300773869566
13300773869567
13300773869576
13300773869577
13300773869662
13300773869665
13300773869672
13300773869675
13300773869762
13300773869765
13300773869772
13300773869775
13300773879566
13300773879567
13300773879576
13300773879577
13300773879662
13300773879665
13300773879672
13300773879675
13300773879762
13300773879765
13300773879772
13300773879775
13300773968566
13300773968567
13300773968576
13300773968577
13300773968662
13300773968665
13300773968672
13300773968675
13300773968762
13300773968765
13300773968772
13300773968775
13300773978566
13300773978567
13300773978576
13300773978577
13300773978662
13300773978665
13300773978672
13300773978675
13300773978762
13300773978765
13300773978772
13300773978775
13300776589666
13300776589667
13300776589676
13300776589677
13300776589766
13300776589767
13300776589776
13300776589777
13300776598666
13300776598667
13300776598676
13300776598677
13300776598766
13300776598767
13300776598776
13300776598777
13300776849665
13300776849666
13300776849667
13300776849675
13300776849676
13300776849677
13300776849765
13300776849766
13300776849767
13300776849775
13300776849776
13300776849777
13300776859566
13300776859567
13300776859576
13300776859577
13300776869562
13300776869572
13300776879562
13300776879572
13301776893556
13301776893557
13300776895666
13300776895667
13300776895676
13300776895677
13300776895766
13300776895767
13300776895776
13300776895777
13300776948665
13300776948666
13300776948667
13300776948675
13300776948676
13300776948677
13300776948765
13300776948766
13300776948767
13300776948775
13300776948776
13300776948777
13300776958566
13300776958567
13300776958576
13300776958577
13300776968562
13300776968572
13300776978562
13300776978572
13301776983556
13301776983557
13300776985666
13300776985667
13300776985676
13300776985677
13300776985766
13300776985767
13300776985776
13300776985777
13300777589666
13300777589667
13300777589676
13300777589677
13300777589766
13300777589767
13300777589776
13300777589777
13300777598666
13300777598667
13300777598676
13300777598677
13300777598766
13300777598767
13300777598776
13300777598777
13300777849665
13300777849666
13300777849667
13300777849675
13300777849676
13300777849677
13300777849765
13300777849766
13300777849767
13300777849775
13300777849776
13300777849777
13300777859566
13300777859567
13300777859576
13300777859577
13300777869562
13300777869572
13300777879562
13300777879572
13301777893556
13301777893557
13300777895666
13300777895667
13300777895676
13300777895677
13300777895766
13300777895767
13300777895776
13300777895777
13300777948665
13300777948666
13300777948667
13300777948675
13300777948676
13300777948677
13300777948765
13300777948766
13300777948767
13300777948775
13300777948776
13300777948777
13300777958566
13300777958567
13300777958576
13300777958577
13300777968562
13300777968572
13300777978562
13300777978572
13301777983556
13301777983557
13300777985666
13300777985667
13300777985676
13300777985677
13300777985766
13300777985767
13300777985776
13300777985777
13302778366659
13301778366695
13302778366759
13301778366795
13302778367659
13301778367695
13302778367759
13301778367795
13302778376659
13301778376695
13302778376759
13301778376795
13302778377659
13301778377695
13302778377759
13301778377795
13301778466955
13301778467955
13301778476955
13301778477955
13301778966255
13301778966355
13301778966455
13301778966555
13301778966635
13302778966653
13301778966735
13302778966753
13301778967255
13301778967355
13301778967455
13301778967555
13301778967635
13302778967653
13301778967735
13302778967753
13301778976255
13301778976355
13301778976455
13301778976555
13301778976635
13302778976653
13301778976735
13302778976753
13301778977255
13301778977355
13301778977455
13301778977555
13301778977635
13302778977653
13301778977735
13302778977753
13302779366658
13301779366685
13302779366758
13301779366785
13302779367658
13301779367685
13302779367758
13301779367785
13302779376658
13301779376685
13302779376758
13301779376785
13302779377658
13301779377685
13302779377758
13301779377785
13301779466855
13301779467855
13301779476855
13301779477855
13301779866255
13301779866355
13301779866455
13301779866555
13301779866635
13302779866653
13301779866735
13302779866753
13301779867255
13301779867355
13301779867455
13301779867555
13301779867635
13302779867653
13301779867735
13302779867753
13301779876255
13301779876355
13301779876455
13301779876555
13301779876635
13302779876653
13301779876735
13302779876753
13301779877255
13301779877355
13301779877455
13301779877555
13301779877635
13302779877653
13301779877735
13302779877753
13301786366639
13301786366739
13301786367639
13301786367739
13301786376639
13301786376739
13301786377639
13301786377739
13301786466395
13301786467395
13301786476395
13301786477395
13301787366639
13301787366739
13301787367639
13301787367739
13301787376639
13301787376739
13301787377639
13301787377739
13301787466395
13301787467395
13301787476395
13301787477395
13301796366638
13301796366738
13301796367638
13301796367738
13301796376638
13301796376738
13301796377638
13301796377738
13301796466385
13301796467385
13301796476385
13301796477385
13301797366638
13301797366738
13301797367638
13301797367738
13301797376638
13301797376738
13301797377638
13301797377738
13301797466385
13301797467385
13301797476385
13301797477385
