13322111112829
13322111112839
13322111112849
13322111112859
13322111112928
13322111112938
13322111112948
13322111112958
13322111113829
13322111113839
13322111113849
13322111113859
13322111113928
13322111113938
13322111113948
13322111113958
13322111114829
13322111114839
13322111114849
13322111114859
13322111114928
13322111114938
13322111114948
13322111114958
13322111115829
13322111115839
13322111115849
13322111115859
13322111115928
13322111115938
13322111115948
13322111115958
13321111118922
13321111118923
13321111118924
13321111118925
13321111118932
13321111118933
13321111118934
13321111118935
13321111118942
13321111118943
13321111118944
13321111118945
13321111118952
13321111118953
13321111118954
13321111118955
13321111119822
13321111119823
13321111119824
13321111119825
13321111119832
13321111119833
13321111119834
13321111119835
13321111119842
13321111119843
13321111119844
13321111119845
13321111119852
13321111119853
13321111119854
13321111119855
13322111121829
13322111121839
13322111121849
13322111121859
13322111121928
13322111121938
13322111121948
13322111121958
13322111122819
13322111122918
13322111123819
13322111123918
13322111124819
13322111124918
13322111125819
13322111125918
13321111128912
13321111128913
13321111128914
13321111128915
13321111128921
13321111128931
13321111128941
13321111128951
13321111129812
13321111129813
13321111129814
13321111129815
13321111129821
13321111129831
13321111129841
13321111129851
13322111131829
13322111131839
13322111131849
13322111131859
13322111131928
13322111131938
13322111131948
13322111131958
13322111132819
13322111132918
13322111133819
13322111133918
13322111134819
13322111134918
13322111135819
13322111135918
13321111138912
13321111138913
13321111138914
13321111138915
13321111138921
13321111138931
13321111138941
13321111138951
13321111139812
13321111139813
13321111139814
13321111139815
13321111139821
13321111139831
13321111139841
13321111139851
13322111141829
13322111141839
13322111141849
13322111141859
13322111141928
13322111141938
13322111141948
13322111141958
13322111142819
13322111142918
13322111143819
13322111143918
13322111144819
13322111144918
13322111145819
13322111145918
13321111148912
13321111148913
13321111148914
13321111148915
13321111148921
13321111148931
13321111148941
13321111148951
13321111149812
13321111149813
13321111149814
13321111149815
13321111149821
13321111149831
13321111149841
13321111149851
13322111151829
13322111151839
13322111151849
13322111151859
13322111151928
13322111151938
13322111151948
13322111151958
13322111152819
13322111152918
13322111153819
13322111153918
13322111154819
13322111154918
13322111155819
13322111155918
13321111158912
13321111158913
13321111158914
13321111158915
13321111158921
13321111158931
13321111158941
13321111158951
13321111159812
13321111159813
13321111159814
13321111159815
13321111159821
13321111159831
13321111159841
13321111159851
13322111211829
13322111211839
13322111211849
13322111211859
13322111211928
13322111211938
13322111211948
13322111211958
13322111212819
13322111212918
13322111213819
13322111213918
13322111214819
13322111214918
13322111215819
13322111215918
13321111218912
13321111218913
13321111218914
13321111218915
13321111218921
13321111218931
13321111218941
13321111218951
13321111219812
13321111219813
13321111219814
13321111219815
13321111219821
13321111219831
13321111219841
13321111219851
13322111221819
13322111221918
13321111228911
13321111229811
13322111231819
13322111231918
13321111238911
13321111239811
13322111241819
13322111241918
13321111248911
13321111249811
13322111251819
13322111251918
13321111258911
13321111259811
13322111311829
13322111311839
13322111311849
13322111311859
13322111311928
13322111311938
13322111311948
13322111311958
13322111312819
13322111312918
13322111313819
13322111313918
13322111314819
13322111314918
13322111315819
13322111315918
13321111318912
13321111318913
13321111318914
13321111318915
13321111318921
13321111318931
13321111318941
13321111318951
13321111319812
13321111319813
13321111319814
13321111319815
13321111319821
13321111319831
13321111319841
13321111319851
13322111321819
13322111321918
13321111328911
13321111329811
13322111331819
13322111331918
13321111338911
13321111339811
13322111341819
13322111341918
13321111348911
13321111349811
13322111351819
13322111351918
13321111358911
13321111359811
13322111411829
13322111411839
13322111411849
13322111411859
13322111411928
13322111411938
13322111411948
13322111411958
13322111412819
13322111412918
13322111413819
13322111413918
13322111414819
13322111414918
13322111415819
13322111415918
13321111418912
13321111418913
13321111418914
13321111418915
13321111418921
13321111418931
13321111418941
13321111418951
13321111419812
13321111419813
13321111419814
13321111419815
13321111419821
13321111419831
13321111419841
13321111419851
13322111421819
13322111421918
13321111428911
13321111429811
13322111431819
13322111431918
13321111438911
13321111439811
13322111441819
13322111441918
13321111448911
13321111449811
13322111451819
13322111451918
13321111458911
13321111459811
13322111511829
13322111511839
13322111511849
13322111511859
13322111511928
13322111511938
13322111511948
13322111511958
13322111512819
13322111512918
13322111513819
13322111513918
13322111514819
13322111514918
13322111515819
13322111515918
13321111518912
13321111518913
13321111518914
13321111518915
13321111518921
13321111518931
13321111518941
13321111518951
13321111519812
13321111519813
13321111519814
13321111519815
13321111519821
13321111519831
13321111519841
13321111519851
13322111521819
13322111521918
13321111528911
13321111529811
13322111531819
13322111531918
13321111538911
13321111539811
13322111541819
13322111541918
13321111548911
13321111549811
13322111551819
13322111551918
13321111558911
13321111559811
13322111666111
13322111667111
13322111676111
13322111677111
13322111766111
13322111767111
13322111776111
13322111777111
13322112111829
13322112111839
13322112111849
13322112111859
13322112111928
13322112111938
13322112111948
13322112111958
13322112112819
13322112112918
13322112113819
13322112113918
13322112114819
13322112114918
13322112115819
13322112115918
13321112118912
13321112118913
13321112118914
13321112118915
13321112118921
13321112118931
13321112118941
13321112118951
13321112119812
13321112119813
13321112119814
13321112119815
13321112119821
13321112119831
13321112119841
13321112119851
13322112121819
13322112121918
13321112128911
13321112129811
13322112131819
13322112131918
13321112138911
13321112139811
13322112141819
13322112141918
13321112148911
13321112149811
13322112151819
13322112151918
13321112158911
13321112159811
13322112211819
13322112211918
13321112218911
13321112219811
13322112311819
13322112311918
13321112318911
13321112319811
13322112411819
13322112411918
13321112418911
13321112419811
13322112511819
13322112511918
13321112518911
13321112519811
13322113111829
13322113111839
13322113111849
13322113111859
13322113111928
13322113111938
13322113111948
13322113111958
13322113112819
13322113112918
13322113113819
13322113113918
13322113114819
13322113114918
13322113115819
13322113115918
13321113118912
13321113118913
13321113118914
13321113118915
13321113118921
13321113118931
13321113118941
13321113118951
13321113119812
13321113119813
13321113119814
13321113119815
13321113119821
13321113119831
13321113119841
13321113119851
13322113121819
13322113121918
13321113128911
13321113129811
13322113131819
13322113131918
13321113138911
13321113139811
13322113141819
13322113141918
13321113148911
13321113149811
13322113151819
13322113151918
13321113158911
13321113159811
13322113211819
13322113211918
13321113218911
13321113219811
13322113311819
13322113311918
13321113318911
13321113319811
13322113411819
13322113411918
13321113418911
13321113419811
13322113511819
13322113511918
13321113518911
13321113519811
13322114111829
13322114111839
13322114111849
13322114111859
13322114111928
13322114111938
13322114111948
13322114111958
13322114112819
13322114112918
13322114113819
13322114113918
13322114114819
13322114114918
13322114115819
13322114115918
13321114118912
13321114118913
13321114118914
13321114118915
13321114118921
13321114118931
13321114118941
13321114118951
13321114119812
13321114119813
13321114119814
13321114119815
13321114119821
13321114119831
13321114119841
13321114119851
13322114121819
13322114121918
13321114128911
13321114129811
13322114131819
13322114131918
13321114138911
13321114139811
13322114141819
13322114141918
13321114148911
13321114149811
13322114151819
13322114151918
13321114158911
13321114159811
13322114211819
13322114211918
13321114218911
13321114219811
13322114311819
13322114311918
13321114318911
13321114319811
13322114411819
13322114411918
13321114418911
13321114419811
13322114511819
13322114511918
13321114518911
13321114519811
13322115111829
13322115111839
13322115111849
13322115111859
13322115111928
13322115111938
13322115111948
13322115111958
13322115112819
13322115112918
13322115113819
13322115113918
13322115114819
13322115114918
13322115115819
13322115115918
13321115118912
13321115118913
13321115118914
13321115118915
13321115118921
13321115118931
13321115118941
13321115118951
13321115119812
13321115119813
13321115119814
13321115119815
13321115119821
13321115119831
13321115119841
13321115119851
13322115121819
13322115121918
13321115128911
13321115129811
13322115131819
13322115131918
13321115138911
13321115139811
13322115141819
13322115141918
13321115148911
13321115149811
13322115151819
13322115151918
13321115158911
13321115159811
13322115211819
13322115211918
13321115218911
13321115219811
13322115311819
13322115311918
13321115318911
13321115319811
13322115411819
13322115411918
13321115418911
13321115419811
13322115511819
13322115511918
13321115518911
13321115519811
13322116166111
13322116167111
13322116176111
13322116177111
13322116616111
13322116617111
13322116661111
13322116671111
13322116716111
13322116717111
13322116761111
13322116771111
13321116811119
13321116911118
13322117166111
13322117167111
13322117176111
13322117177111
13322117616111
13322117617111
13322117661111
13322117671111
13322117716111
13322117717111
13322117761111
13322117771111
13321117811119
13321117911118
13320118111922
13320118111923
13320118111924
13320118111925
13320118111932
13320118111933
13320118111934
13320118111935
13320118111942
13320118111943
13320118111944
13320118111945
13320118111952
13320118111953
13320118111954
13320118111955
13320118112912
13320118112913
13320118112914
13320118112915
13320118112921
13320118112931
13320118112941
13320118112951
13320118113912
13320118113913
13320118113914
13320118113915
13320118113921
13320118113931
13320118113941
13320118113951
13320118114912
13320118114913
13320118114914
13320118114915
13320118114921
13320118114931
13320118114941
13320118114951
13320118115912
13320118115913
13320118115914
13320118115915
13320118115921
13320118115931
13320118115941
13320118115951
13320118121912
13320118121913
13320118121914
13320118121915
13320118121921
13320118121931
13320118121941
13320118121951
13320118122911
13320118123911
13320118124911
13320118125911
13320118131912
13320118131913
13320118131914
13320118131915
13320118131921
13320118131931
13320118131941
13320118131951
13320118132911
13320118133911
13320118134911
13320118135911
13320118141912
13320118141913
13320118141914
13320118141915
13320118141921
13320118141931
13320118141941
13320118141951
13320118142911
13320118143911
13320118144911
13320118145911
13320118151912
13320118151913
13320118151914
13320118151915
13320118151921
13320118151931
13320118151941
13320118151951
13320118152911
13320118153911
13320118154911
13320118155911
13320118211912
13320118211913
13320118211914
13320118211915
13320118211921
13320118211931
13320118211941
13320118211951
13320118212911
13320118213911
13320118214911
13320118215911
13320118221911
13320118231911
13320118241911
13320118251911
13320118311912
13320118311913
13320118311914
13320118311915
13320118311921
13320118311931
13320118311941
13320118311951
13320118312911
13320118313911
13320118314911
13320118315911
13320118321911
13320118331911
13320118341911
13320118351911
13320118411912
13320118411913
13320118411914
13320118411915
13320118411921
13320118411931
13320118411941
13320118411951
13320118412911
13320118413911
13320118414911
13320118415911
13320118421911
13320118431911
13320118441911
13320118451911
13320118511912
13320118511913
13320118511914
13320118511915
13320118511921
13320118511931
13320118511941
13320118511951
13320118512911
13320118513911
13320118514911
13320118515911
13320118521911
13320118531911
13320118541911
13320118551911
13320119111822
13320119111823
13320119111824
13320119111825
13320119111832
13320119111833
13320119111834
13320119111835
13320119111842
13320119111843
13320119111844
13320119111845
13320119111852
13320119111853
13320119111854
13320119111855
13320119112812
13320119112813
13320119112814
13320119112815
13320119112821
13320119112831
13320119112841
13320119112851
13320119113812
13320119113813
13320119113814
13320119113815
13320119113821
13320119113831
13320119113841
13320119113851
13320119114812
13320119114813
13320119114814
13320119114815
13320119114821
13320119114831
13320119114841
13320119114851
13320119115812
13320119115813
13320119115814
13320119115815
13320119115821
13320119115831
13320119115841
13320119115851
13320119121812
13320119121813
13320119121814
13320119121815
13320119121821
13320119121831
13320119121841
13320119121851
13320119122811
13320119123811
13320119124811
13320119125811
13320119131812
13320119131813
13320119131814
13320119131815
13320119131821
13320119131831
13320119131841
13320119131851
13320119132811
13320119133811
13320119134811
13320119135811
13320119141812
13320119141813
13320119141814
13320119141815
13320119141821
13320119141831
13320119141841
13320119141851
13320119142811
13320119143811
13320119144811
13320119145811
13320119151812
13320119151813
13320119151814
13320119151815
13320119151821
13320119151831
13320119151841
13320119151851
13320119152811
13320119153811
13320119154811
13320119155811
13320119211812
13320119211813
13320119211814
13320119211815
13320119211821
13320119211831
13320119211841
13320119211851
13320119212811
13320119213811
13320119214811
13320119215811
13320119221811
13320119231811
13320119241811
13320119251811
13320119311812
13320119311813
13320119311814
13320119311815
13320119311821
13320119311831
13320119311841
13320119311851
13320119312811
13320119313811
13320119314811
13320119315811
13320119321811
13320119331811
13320119341811
13320119351811
13320119411812
13320119411813
13320119411814
13320119411815
13320119411821
13320119411831
13320119411841
13320119411851
13320119412811
13320119413811
13320119414811
13320119415811
13320119421811
13320119431811
13320119441811
13320119451811
13320119511812
13320119511813
13320119511814
13320119511815
13320119511821
13320119511831
13320119511841
13320119511851
13320119512811
13320119513811
13320119514811
13320119515811
13320119521811
13320119531811
13320119541811
13320119551811
13322121111829
13322121111839
13322121111849
13322121111859
13322121111928
13322121111938
13322121111948
13322121111958
13322121112819
13322121112918
13322121113819
13322121113918
13322121114819
13322121114918
13322121115819
13322121115918
13321121118912
13321121118913
13321121118914
13321121118915
13321121118921
13321121118931
13321121118941
13321121118951
13321121119812
13321121119813
13321121119814
13321121119815
13321121119821
13321121119831
13321121119841
13321121119851
13322121121819
13322121121918
13321121128911
13321121129811
13322121131819
13322121131918
13321121138911
13321121139811
13322121141819
13322121141918
13321121148911
13321121149811
13322121151819
13322121151918
13321121158911
13321121159811
13322121211819
13322121211918
13321121218911
13321121219811
13322121311819
13322121311918
13321121318911
13321121319811
13322121411819
13322121411918
13321121418911
13321121419811
13322121511819
13322121511918
13321121518911
13321121519811
13322122111819
13322122111918
13321122118911
13321122119811
13322123111819
13322123111918
13321123118911
13321123119811
13322124111819
13322124111918
13321124118911
13321124119811
13322125111819
13322125111918
13321125118911
13321125119811
13320128111912
13320128111913
13320128111914
13320128111915
13320128111921
13320128111931
13320128111941
13320128111951
13320128112911
13320128113911
13320128114911
13320128115911
13320128121911
13320128131911
13320128141911
13320128151911
13320128211911
13320128311911
13320128411911
13320128511911
13320129111812
13320129111813
13320129111814
13320129111815
13320129111821
13320129111831
13320129111841
13320129111851
13320129112811
13320129113811
13320129114811
13320129115811
13320129121811
13320129131811
13320129141811
13320129151811
13320129211811
13320129311811
13320129411811
13320129511811
13322131111829
13322131111839
13322131111849
13322131111859
13322131111928
13322131111938
13322131111948
13322131111958
13322131112819
13322131112918
13322131113819
13322131113918
13322131114819
13322131114918
13322131115819
13322131115918
13321131118912
13321131118913
13321131118914
13321131118915
13321131118921
13321131118931
13321131118941
13321131118951
13321131119812
13321131119813
13321131119814
13321131119815
13321131119821
13321131119831
13321131119841
13321131119851
13322131121819
13322131121918
13321131128911
13321131129811
13322131131819
13322131131918
13321131138911
13321131139811
13322131141819
13322131141918
13321131148911
13321131149811
13322131151819
13322131151918
13321131158911
13321131159811
13322131211819
13322131211918
13321131218911
13321131219811
13322131311819
13322131311918
13321131318911
13321131319811
13322131411819
13322131411918
13321131418911
13321131419811
13322131511819
13322131511918
13321131518911
13321131519811
13322132111819
13322132111918
13321132118911
13321132119811
13322133111819
13322133111918
13321133118911
13321133119811
13322134111819
13322134111918
13321134118911
13321134119811
13322135111819
13322135111918
13321135118911
13321135119811
13320138111912
13320138111913
13320138111914
13320138111915
13320138111921
13320138111931
13320138111941
13320138111951
13320138112911
13320138113911
13320138114911
13320138115911
13320138121911
13320138131911
13320138141911
13320138151911
13320138211911
13320138311911
13320138411911
13320138511911
13320139111812
13320139111813
13320139111814
13320139111815
13320139111821
13320139111831
13320139111841
13320139111851
13320139112811
13320139113811
13320139114811
13320139115811
13320139121811
13320139131811
13320139141811
13320139151811
13320139211811
13320139311811
13320139411811
13320139511811
13322141111829
13322141111839
13322141111849
13322141111859
13322141111928
13322141111938
13322141111948
13322141111958
13322141112819
13322141112918
13322141113819
13322141113918
13322141114819
13322141114918
13322141115819
13322141115918
13321141118912
13321141118913
13321141118914
13321141118915
13321141118921
13321141118931
13321141118941
13321141118951
13321141119812
13321141119813
13321141119814
13321141119815
13321141119821
13321141119831
13321141119841
13321141119851
13322141121819
13322141121918
13321141128911
13321141129811
13322141131819
13322141131918
13321141138911
13321141139811
13322141141819
13322141141918
13321141148911
13321141149811
13322141151819
13322141151918
13321141158911
13321141159811
13322141211819
13322141211918
13321141218911
13321141219811
13322141311819
13322141311918
13321141318911
13321141319811
13322141411819
13322141411918
13321141418911
13321141419811
13322141511819
13322141511918
13321141518911
13321141519811
13322142111819
13322142111918
13321142118911
13321142119811
13322143111819
13322143111918
13321143118911
13321143119811
13322144111819
13322144111918
13321144118911
13321144119811
13322145111819
13322145111918
13321145118911
13321145119811
13320148111912
13320148111913
13320148111914
13320148111915
13320148111921
13320148111931
13320148111941
13320148111951
13320148112911
13320148113911
13320148114911
13320148115911
13320148121911
13320148131911
13320148141911
13320148151911
13320148211911
13320148311911
13320148411911
13320148511911
13320149111812
13320149111813
13320149111814
13320149111815
13320149111821
13320149111831
13320149111841
13320149111851
13320149112811
13320149113811
13320149114811
13320149115811
13320149121811
13320149131811
13320149141811
13320149151811
13320149211811
13320149311811
13320149411811
13320149511811
13322151111829
13322151111839
13322151111849
13322151111859
13322151111928
13322151111938
13322151111948
13322151111958
13322151112819
13322151112918
13322151113819
13322151113918
13322151114819
13322151114918
13322151115819
13322151115918
13321151118912
13321151118913
13321151118914
13321151118915
13321151118921
13321151118931
13321151118941
13321151118951
13321151119812
13321151119813
13321151119814
13321151119815
13321151119821
13321151119831
13321151119841
13321151119851
13322151121819
13322151121918
13321151128911
13321151129811
13322151131819
13322151131918
13321151138911
13321151139811
13322151141819
13322151141918
13321151148911
13321151149811
13322151151819
13322151151918
13321151158911
13321151159811
13322151211819
13322151211918
13321151218911
13321151219811
13322151311819
13322151311918
13321151318911
13321151319811
13322151411819
13322151411918
13321151418911
13321151419811
13322151511819
13322151511918
13321151518911
13321151519811
13322152111819
13322152111918
13321152118911
13321152119811
13322153111819
13322153111918
13321153118911
13321153119811
13322154111819
13322154111918
13321154118911
13321154119811
13322155111819
13322155111918
13321155118911
13321155119811
13320158111912
13320158111913
13320158111914
13320158111915
13320158111921
13320158111931
13320158111941
13320158111951
13320158112911
13320158113911
13320158114911
13320158115911
13320158121911
13320158131911
13320158141911
13320158151911
13320158211911
13320158311911
13320158411911
13320158511911
13320159111812
13320159111813
13320159111814
13320159111815
13320159111821
13320159111831
13320159111841
13320159111851
13320159112811
13320159113811
13320159114811
13320159115811
13320159121811
13320159131811
13320159141811
13320159151811
13320159211811
13320159311811
13320159411811
13320159511811
13322161166111
13322161167111
13322161176111
13322161177111
13322161616111
13322161617111
13322161661111
13322161671111
13322161716111
13322161717111
13322161761111
13322161771111
13321161811119
13321161911118
13322166116111
13322166117111
13322166161111
13322166171111
13322166611111
13322166711111
13322167116111
13322167117111
13322167161111
13322167171111
13322167611111
13322167711111
13322171166111
13322171167111
13322171176111
13322171177111
13322171616111
13322171617111
13322171661111
13322171671111
13322171716111
13322171717111
13322171761111
13322171771111
13321171811119
13321171911118
13322176116111
13322176117111
13322176161111
13322176171111
13322176611111
13322176711111
13322177116111
13322177117111
13322177161111
13322177171111
13322177611111
13322177711111
13322211111829
13322211111839
13322211111849
13322211111859
13322211111928
13322211111938
13322211111948
13322211111958
13322211112819
13322211112918
13322211113819
13322211113918
13322211114819
13322211114918
13322211115819
13322211115918
13321211118912
13321211118913
13321211118914
13321211118915
13321211118921
13321211118931
13321211118941
13321211118951
13321211119812
13321211119813
13321211119814
13321211119815
13321211119821
13321211119831
13321211119841
13321211119851
13322211121819
13322211121918
13321211128911
13321211129811
13322211131819
13322211131918
13321211138911
13321211139811
13322211141819
13322211141918
13321211148911
13321211149811
13322211151819
13322211151918
13321211158911
13321211159811
13322211211819
13322211211918
13321211218911
13321211219811
13322211311819
13322211311918
13321211318911
13321211319811
13322211411819
13322211411918
13321211418911
13321211419811
13322211511819
13322211511918
13321211518911
13321211519811
13322212111819
13322212111918
13321212118911
13321212119811
13322213111819
13322213111918
13321213118911
13321213119811
13322214111819
13322214111918
13321214118911
13321214119811
13322215111819
13322215111918
13321215118911
13321215119811
13320218111912
13320218111913
13320218111914
13320218111915
13320218111921
13320218111931
13320218111941
13320218111951
13320218112911
13320218113911
13320218114911
13320218115911
13320218121911
13320218131911
13320218141911
13320218151911
13320218211911
13320218311911
13320218411911
13320218511911
13320219111812
13320219111813
13320219111814
13320219111815
13320219111821
13320219111831
13320219111841
13320219111851
13320219112811
13320219113811
13320219114811
13320219115811
13320219121811
13320219131811
13320219141811
13320219151811
13320219211811
13320219311811
13320219411811
13320219511811
13322221111819
13322221111918
13321221118911
13321221119811
13320228111911
13320229111811
13322231111819
13322231111918
13321231118911
13321231119811
13320238111911
13320239111811
13322241111819
13322241111918
13321241118911
13321241119811
13320248111911
13320249111811
13322251111819
13322251111918
13321251118911
13321251119811
13320258111911
13320259111811
13322311111829
13322311111839
13322311111849
13322311111859
13322311111928
13322311111938
13322311111948
13322311111958
13322311112819
13322311112918
13322311113819
13322311113918
13322311114819
13322311114918
13322311115819
13322311115918
13321311118912
13321311118913
13321311118914
13321311118915
13321311118921
13321311118931
13321311118941
13321311118951
13321311119812
13321311119813
13321311119814
13321311119815
13321311119821
13321311119831
13321311119841
13321311119851
13322311121819
13322311121918
13321311128911
13321311129811
13322311131819
13322311131918
13321311138911
13321311139811
13322311141819
13322311141918
13321311148911
13321311149811
13322311151819
13322311151918
13321311158911
13321311159811
13322311211819
13322311211918
13321311218911
13321311219811
13322311311819
13322311311918
13321311318911
13321311319811
13322311411819
13322311411918
13321311418911
13321311419811
13322311511819
13322311511918
13321311518911
13321311519811
13322312111819
13322312111918
13321312118911
13321312119811
13322313111819
13322313111918
13321313118911
13321313119811
13322314111819
13322314111918
13321314118911
13321314119811
13322315111819
13322315111918
13321315118911
13321315119811
13320318111912
13320318111913
13320318111914
13320318111915
13320318111921
13320318111931
13320318111941
13320318111951
13320318112911
13320318113911
13320318114911
13320318115911
13320318121911
13320318131911
13320318141911
13320318151911
13320318211911
13320318311911
13320318411911
13320318511911
13320319111812
13320319111813
13320319111814
13320319111815
13320319111821
13320319111831
13320319111841
13320319111851
13320319112811
13320319113811
13320319114811
13320319115811
13320319121811
13320319131811
13320319141811
13320319151811
13320319211811
13320319311811
13320319411811
13320319511811
13322321111819
13322321111918
13321321118911
13321321119811
13320328111911
13320329111811
13322331111819
13322331111918
13321331118911
13321331119811
13320338111911
13320339111811
13322341111819
13322341111918
13321341118911
13321341119811
13320348111911
13320349111811
13322351111819
13322351111918
13321351118911
13321351119811
13320358111911
13320359111811
13322411111829
13322411111839
13322411111849
13322411111859
13322411111928
13322411111938
13322411111948
13322411111958
13322411112819
13322411112918
13322411113819
13322411113918
13322411114819
13322411114918
13322411115819
13322411115918
13321411118912
13321411118913
13321411118914
13321411118915
13321411118921
13321411118931
13321411118941
13321411118951
13321411119812
13321411119813
13321411119814
13321411119815
13321411119821
13321411119831
13321411119841
13321411119851
13322411121819
13322411121918
13321411128911
13321411129811
13322411131819
13322411131918
13321411138911
13321411139811
13322411141819
13322411141918
13321411148911
13321411149811
13322411151819
13322411151918
13321411158911
13321411159811
13322411211819
13322411211918
13321411218911
13321411219811
13322411311819
13322411311918
13321411318911
13321411319811
13322411411819
13322411411918
13321411418911
13321411419811
13322411511819
13322411511918
13321411518911
13321411519811
13322412111819
13322412111918
13321412118911
13321412119811
13322413111819
13322413111918
13321413118911
13321413119811
13322414111819
13322414111918
13321414118911
13321414119811
13322415111819
13322415111918
13321415118911
13321415119811
13320418111912
13320418111913
13320418111914
13320418111915
13320418111921
13320418111931
13320418111941
13320418111951
13320418112911
13320418113911
13320418114911
13320418115911
13320418121911
13320418131911
13320418141911
13320418151911
13320418211911
13320418311911
13320418411911
13320418511911
13320419111812
13320419111813
13320419111814
13320419111815
13320419111821
13320419111831
13320419111841
13320419111851
13320419112811
13320419113811
13320419114811
13320419115811
13320419121811
13320419131811
13320419141811
13320419151811
13320419211811
13320419311811
13320419411811
13320419511811
13322421111819
13322421111918
13321421118911
13321421119811
13320428111911
13320429111811
13322431111819
13322431111918
13321431118911
13321431119811
13320438111911
13320439111811
13322441111819
13322441111918
13321441118911
13321441119811
13320448111911
13320449111811
13322451111819
13322451111918
13321451118911
13321451119811
13320458111911
13320459111811
13322511111829
13322511111839
13322511111849
13322511111859
13322511111928
13322511111938
13322511111948
13322511111958
13322511112819
13322511112918
13322511113819
13322511113918
13322511114819
13322511114918
13322511115819
13322511115918
13321511118912
13321511118913
13321511118914
13321511118915
13321511118921
13321511118931
13321511118941
13321511118951
13321511119812
13321511119813
13321511119814
13321511119815
13321511119821
13321511119831
13321511119841
13321511119851
13322511121819
13322511121918
13321511128911
13321511129811
13322511131819
13322511131918
13321511138911
13321511139811
13322511141819
13322511141918
13321511148911
13321511149811
13322511151819
13322511151918
13321511158911
13321511159811
13322511211819
13322511211918
13321511218911
13321511219811
13322511311819
13322511311918
13321511318911
13321511319811
13322511411819
13322511411918
13321511418911
13321511419811
13322511511819
13322511511918
13321511518911
13321511519811
13322512111819
13322512111918
13321512118911
13321512119811
13322513111819
13322513111918
13321513118911
13321513119811
13322514111819
13322514111918
13321514118911
13321514119811
13322515111819
13322515111918
13321515118911
13321515119811
13320518111912
13320518111913
13320518111914
13320518111915
13320518111921
13320518111931
13320518111941
13320518111951
13320518112911
13320518113911
13320518114911
13320518115911
13320518121911
13320518131911
13320518141911
13320518151911
13320518211911
13320518311911
13320518411911
13320518511911
13320519111812
13320519111813
13320519111814
13320519111815
13320519111821
13320519111831
13320519111841
13320519111851
13320519112811
13320519113811
13320519114811
13320519115811
13320519121811
13320519131811
13320519141811
13320519151811
13320519211811
13320519311811
13320519411811
13320519511811
13322521111819
13322521111918
13321521118911
13321521119811
13320528111911
13320529111811
13322531111819
13322531111918
13321531118911
13321531119811
13320538111911
13320539111811
13322541111819
13322541111918
13321541118911
13321541119811
13320548111911
13320549111811
13322551111819
13322551111918
13321551118911
13321551119811
13320558111911
13320559111811
13322611166111
13322611167111
13322611176111
13322611177111
13322611616111
13322611617111
13322611661111
13322611671111
13322611716111
13322611717111
13322611761111
13322611771111
13321611811119
13321611911118
13322616116111
13322616117111
13322616161111
13322616171111
13322616611111
13322616711111
13322617116111
13322617117111
13322617161111
13322617171111
13322617611111
13322617711111
13322661116111
13322661117111
13322661161111
13322661171111
13322661611111
13322661711111
13322666111111
13322667111111
13322671116111
13322671117111
13322671161111
13322671171111
13322671611111
13322671711111
13322676111111
13322677111111
13322711166111
13322711167111
13322711176111
13322711177111
13322711616111
13322711617111
13322711661111
13322711671111
13322711716111
13322711717111
13322711761111
13322711771111
13321711811119
13321711911118
13322716116111
13322716117111
13322716161111
13322716171111
13322716611111
13322716711111
13322717116111
13322717117111
13322717161111
13322717171111
13322717611111
13322717711111
13322761116111
13322761117111
13322761161111
13322761171111
13322761611111
13322761711111
13322766111111
13322767111111
13322771116111
13322771117111
13322771161111
13322771171111
13322771611111
13322771711111
13322776111111
13322777111111
13320811116119
13320811117119
13320811161119
13320811171119
13320811611119
13320811711119
13311111111666
13311111111667
13311111111676
13311111111677
13311111111766
13311111111767
13311111111776
13311111111777
13312111811229
13312111811239
13312111811249
13312111811259
13312111811329
13312111811339
13312111811349
13312111811359
13312111811429
13312111811439
13312111811449
13312111811459
13312111811529
13312111811539
13312111811549
13312111811559
13312111812129
13312111812139
13312111812149
13312111812159
13312111812219
13312111812319
13312111812419
13312111812519
13312111813129
13312111813139
13312111813149
13312111813159
13312111813219
13312111813319
13312111813419
13312111813519
13312111814129
13312111814139
13312111814149
13312111814159
13312111814219
13312111814319
13312111814419
13312111814519
13312111815129
13312111815139
13312111815149
13312111815159
13312111815219
13312111815319
13312111815419
13312111815519
13311111819122
13311111819123
13311111819124
13311111819125
13311111819132
13311111819133
13311111819134
13311111819135
13311111819142
13311111819143
13311111819144
13311111819145
13311111819152
13311111819153
13311111819154
13311111819155
13311111819212
13311111819213
13311111819214
13311111819215
13311111819221
13311111819231
13311111819241
13311111819251
13311111819312
13311111819313
13311111819314
13311111819315
13311111819321
13311111819331
13311111819341
13311111819351
13311111819412
13311111819413
13311111819414
13311111819415
13311111819421
13311111819431
13311111819441
13311111819451
13311111819512
13311111819513
13311111819514
13311111819515
13311111819521
13311111819531
13311111819541
13311111819551
13312111821129
13312111821139
13312111821149
13312111821159
13312111821219
13312111821319
13312111821419
13312111821519
13312111822119
13312111823119
13312111824119
13312111825119
13311111829112
13311111829113
13311111829114
13311111829115
13311111829121
13311111829131
13311111829141
13311111829151
13311111829211
13311111829311
13311111829411
13311111829511
13312111831129
13312111831139
13312111831149
13312111831159
13312111831219
13312111831319
13312111831419
13312111831519
13312111832119
13312111833119
13312111834119
13312111835119
13311111839112
13311111839113
13311111839114
13311111839115
13311111839121
13311111839131
13311111839141
13311111839151
13311111839211
13311111839311
13311111839411
13311111839511
13312111841129
13312111841139
13312111841149
13312111841159
13312111841219
13312111841319
13312111841419
13312111841519
13312111842119
13312111843119
13312111844119
13312111845119
13311111849112
13311111849113
13311111849114
13311111849115
13311111849121
13311111849131
13311111849141
13311111849151
13311111849211
13311111849311
13311111849411
13311111849511
13312111851129
13312111851139
13312111851149
13312111851159
13312111851219
13312111851319
13312111851419
13312111851519
13312111852119
13312111853119
13312111854119
13312111855119
13311111859112
13311111859113
13311111859114
13311111859115
13311111859121
13311111859131
13311111859141
13311111859151
13311111859211
13311111859311
13311111859411
13311111859511
13312111911228
13312111911238
13312111911248
13312111911258
13312111911328
13312111911338
13312111911348
13312111911358
13312111911428
13312111911438
13312111911448
13312111911458
13312111911528
13312111911538
13312111911548
13312111911558
13312111912128
13312111912138
13312111912148
13312111912158
13312111912218
13312111912318
13312111912418
13312111912518
13312111913128
13312111913138
13312111913148
13312111913158
13312111913218
13312111913318
13312111913418
13312111913518
13312111914128
13312111914138
13312111914148
13312111914158
13312111914218
13312111914318
13312111914418
13312111914518
13312111915128
13312111915138
13312111915148
13312111915158
13312111915218
13312111915318
13312111915418
13312111915518
13311111918122
13311111918123
13311111918124
13311111918125
13311111918132
13311111918133
13311111918134
13311111918135
13311111918142
13311111918143
13311111918144
13311111918145
13311111918152
13311111918153
13311111918154
13311111918155
13311111918212
13311111918213
13311111918214
13311111918215
13311111918221
13311111918231
13311111918241
13311111918251
13311111918312
13311111918313
13311111918314
13311111918315
13311111918321
13311111918331
13311111918341
13311111918351
13311111918412
13311111918413
13311111918414
13311111918415
13311111918421
13311111918431
13311111918441
13311111918451
13311111918512
13311111918513
13311111918514
13311111918515
13311111918521
13311111918531
13311111918541
13311111918551
13312111921128
13312111921138
13312111921148
13312111921158
13312111921218
13312111921318
13312111921418
13312111921518
13312111922118
13312111923118
13312111924118
13312111925118
13311111928112
13311111928113
13311111928114
13311111928115
13311111928121
13311111928131
13311111928141
13311111928151
13311111928211
13311111928311
13311111928411
13311111928511
13312111931128
13312111931138
13312111931148
13312111931158
13312111931218
13312111931318
13312111931418
13312111931518
13312111932118
13312111933118
13312111934118
13312111935118
13311111938112
13311111938113
13311111938114
13311111938115
13311111938121
13311111938131
13311111938141
13311111938151
13311111938211
13311111938311
13311111938411
13311111938511
13312111941128
13312111941138
13312111941148
13312111941158
13312111941218
13312111941318
13312111941418
13312111941518
13312111942118
13312111943118
13312111944118
13312111945118
13311111948112
13311111948113
13311111948114
13311111948115
13311111948121
13311111948131
13311111948141
13311111948151
13311111948211
13311111948311
13311111948411
13311111948511
13312111951128
13312111951138
13312111951148
13312111951158
13312111951218
13312111951318
13312111951418
13312111951518
13312111952118
13312111953118
13312111954118
13312111955118
13311111958112
13311111958113
13311111958114
13311111958115
13311111958121
13311111958131
13311111958141
13311111958151
13311111958211
13311111958311
13311111958411
13311111958511
13312112811129
13312112811139
13312112811149
13312112811159
13312112811219
13312112811319
13312112811419
13312112811519
13312112812119
13312112813119
13312112814119
13312112815119
13311112819112
13311112819113
13311112819114
13311112819115
13311112819121
13311112819131
13311112819141
13311112819151
13311112819211
13311112819311
13311112819411
13311112819511
13312112821119
13311112829111
13312112831119
13311112839111
13312112841119
13311112849111
13312112851119
13311112859111
13312112911128
13312112911138
13312112911148
13312112911158
13312112911218
13312112911318
13312112911418
13312112911518
13312112912118
13312112913118
13312112914118
13312112915118
13311112918112
13311112918113
13311112918114
13311112918115
13311112918121
13311112918131
13311112918141
13311112918151
13311112918211
13311112918311
13311112918411
13311112918511
13312112921118
13311112928111
13312112931118
13311112938111
13312112941118
13311112948111
13312112951118
13311112958111
13312113811129
13312113811139
13312113811149
13312113811159
13312113811219
13312113811319
13312113811419
13312113811519
13312113812119
13312113813119
13312113814119
13312113815119
13311113819112
13311113819113
13311113819114
13311113819115
13311113819121
13311113819131
13311113819141
13311113819151
13311113819211
13311113819311
13311113819411
13311113819511
13312113821119
13311113829111
13312113831119
13311113839111
13312113841119
13311113849111
13312113851119
13311113859111
13312113911128
13312113911138
13312113911148
13312113911158
13312113911218
13312113911318
13312113911418
13312113911518
13312113912118
13312113913118
13312113914118
13312113915118
13311113918112
13311113918113
13311113918114
13311113918115
13311113918121
13311113918131
13311113918141
13311113918151
13311113918211
13311113918311
13311113918411
13311113918511
13312113921118
13311113928111
13312113931118
13311113938111
13312113941118
13311113948111
13312113951118
13311113958111
13312114811129
13312114811139
13312114811149
13312114811159
13312114811219
13312114811319
13312114811419
13312114811519
13312114812119
13312114813119
13312114814119
13312114815119
13311114819112
13311114819113
13311114819114
13311114819115
13311114819121
13311114819131
13311114819141
13311114819151
13311114819211
13311114819311
13311114819411
13311114819511
13312114821119
13311114829111
13312114831119
13311114839111
13312114841119
13311114849111
13312114851119
13311114859111
13312114911128
13312114911138
13312114911148
13312114911158
13312114911218
13312114911318
13312114911418
13312114911518
13312114912118
13312114913118
13312114914118
13312114915118
13311114918112
13311114918113
13311114918114
13311114918115
13311114918121
13311114918131
13311114918141
13311114918151
13311114918211
13311114918311
13311114918411
13311114918511
13312114921118
13311114928111
13312114931118
13311114938111
13312114941118
13311114948111
13312114951118
13311114958111
13312115811129
13312115811139
13312115811149
13312115811159
13312115811219
13312115811319
13312115811419
13312115811519
13312115812119
13312115813119
13312115814119
13312115815119
13311115819112
13311115819113
13311115819114
13311115819115
13311115819121
13311115819131
13311115819141
13311115819151
13311115819211
13311115819311
13311115819411
13311115819511
13312115821119
13311115829111
13312115831119
13311115839111
13312115841119
13311115849111
13312115851119
13311115859111
13312115911128
13312115911138
13312115911148
13312115911158
13312115911218
13312115911318
13312115911418
13312115911518
13312115912118
13312115913118
13312115914118
13312115915118
13311115918112
13311115918113
13311115918114
13311115918115
13311115918121
13311115918131
13311115918141
13311115918151
13311115918211
13311115918311
13311115918411
13311115918511
13312115921118
13311115928111
13312115931118
13311115938111
13312115941118
13311115948111
13312115951118
13311115958111
13311116111166
13311116111167
13311116111176
13311116111177
13311116111616
13311116111617
13311116111661
13311116111671
13311116111716
13311116111717
13311116111761
13311116111771
13312116118911
13312116119811
13311117111166
13311117111167
13311117111176
13311117111177
13311117111616
13311117111617
13311117111661
13311117111671
13311117111716
13311117111717
13311117111761
13311117111771
13312117118911
13312117119811
13310118911122
13310118911123
13310118911124
13310118911125
13310118911132
13310118911133
13310118911134
13310118911135
13310118911142
13310118911143
13310118911144
13310118911145
13310118911152
13310118911153
13310118911154
13310118911155
13310118911212
13310118911213
13310118911214
13310118911215
13310118911221
13310118911231
13310118911241
13310118911251
13310118911312
13310118911313
13310118911314
13310118911315
13310118911321
13310118911331
13310118911341
13310118911351
13310118911412
13310118911413
13310118911414
13310118911415
13310118911421
13310118911431
13310118911441
13310118911451
13310118911512
13310118911513
13310118911514
13310118911515
13310118911521
13310118911531
13310118911541
13310118911551
13310118912112
13310118912113
13310118912114
13310118912115
13310118912121
13310118912131
13310118912141
13310118912151
13310118912211
13310118912311
13310118912411
13310118912511
13310118913112
13310118913113
13310118913114
13310118913115
13310118913121
13310118913131
13310118913141
13310118913151
13310118913211
13310118913311
13310118913411
13310118913511
13310118914112
13310118914113
13310118914114
13310118914115
13310118914121
13310118914131
13310118914141
13310118914151
13310118914211
13310118914311
13310118914411
13310118914511
13310118915112
13310118915113
13310118915114
13310118915115
13310118915121
13310118915131
13310118915141
13310118915151
13310118915211
13310118915311
13310118915411
13310118915511
13310118921112
13310118921113
13310118921114
13310118921115
13310118921121
13310118921131
13310118921141
13310118921151
13310118921211
13310118921311
13310118921411
13310118921511
13310118922111
13310118923111
13310118924111
13310118925111
13310118931112
13310118931113
13310118931114
13310118931115
13310118931121
13310118931131
13310118931141
13310118931151
13310118931211
13310118931311
13310118931411
13310118931511
13310118932111
13310118933111
13310118934111
13310118935111
13310118941112
13310118941113
13310118941114
13310118941115
13310118941121
13310118941131
13310118941141
13310118941151
13310118941211
13310118941311
13310118941411
13310118941511
13310118942111
13310118943111
13310118944111
13310118945111
13310118951112
13310118951113
13310118951114
13310118951115
13310118951121
13310118951131
13310118951141
13310118951151
13310118951211
13310118951311
13310118951411
13310118951511
13310118952111
13310118953111
13310118954111
13310118955111
13310119811122
13310119811123
13310119811124
13310119811125
13310119811132
13310119811133
13310119811134
13310119811135
13310119811142
13310119811143
13310119811144
13310119811145
13310119811152
13310119811153
13310119811154
13310119811155
13310119811212
13310119811213
13310119811214
13310119811215
13310119811221
13310119811231
13310119811241
13310119811251
13310119811312
13310119811313
13310119811314
13310119811315
13310119811321
13310119811331
13310119811341
13310119811351
13310119811412
13310119811413
13310119811414
13310119811415
13310119811421
13310119811431
13310119811441
13310119811451
13310119811512
13310119811513
13310119811514
13310119811515
13310119811521
13310119811531
13310119811541
13310119811551
13310119812112
13310119812113
13310119812114
13310119812115
13310119812121
13310119812131
13310119812141
13310119812151
13310119812211
13310119812311
13310119812411
13310119812511
13310119813112
13310119813113
13310119813114
13310119813115
13310119813121
13310119813131
13310119813141
13310119813151
13310119813211
13310119813311
13310119813411
13310119813511
13310119814112
13310119814113
13310119814114
13310119814115
13310119814121
13310119814131
13310119814141
13310119814151
13310119814211
13310119814311
13310119814411
13310119814511
13310119815112
13310119815113
13310119815114
13310119815115
13310119815121
13310119815131
13310119815141
13310119815151
13310119815211
13310119815311
13310119815411
13310119815511
13310119821112
13310119821113
13310119821114
13310119821115
13310119821121
13310119821131
13310119821141
13310119821151
13310119821211
13310119821311
13310119821411
13310119821511
13310119822111
13310119823111
13310119824111
13310119825111
13310119831112
13310119831113
13310119831114
13310119831115
13310119831121
13310119831131
13310119831141
13310119831151
13310119831211
13310119831311
13310119831411
13310119831511
13310119832111
13310119833111
13310119834111
13310119835111
13310119841112
13310119841113
13310119841114
13310119841115
13310119841121
13310119841131
13310119841141
13310119841151
13310119841211
13310119841311
13310119841411
13310119841511
13310119842111
13310119843111
13310119844111
13310119845111
13310119851112
13310119851113
13310119851114
13310119851115
13310119851121
13310119851131
13310119851141
13310119851151
13310119851211
13310119851311
13310119851411
13310119851511
13310119852111
13310119853111
13310119854111
13310119855111
13312121811129
13312121811139
13312121811149
13312121811159
13312121811219
13312121811319
13312121811419
13312121811519
13312121812119
13312121813119
13312121814119
13312121815119
13311121819112
13311121819113
13311121819114
13311121819115
13311121819121
13311121819131
13311121819141
13311121819151
13311121819211
13311121819311
13311121819411
13311121819511
13312121821119
13311121829111
13312121831119
13311121839111
13312121841119
13311121849111
13312121851119
13311121859111
13312121911128
13312121911138
13312121911148
13312121911158
13312121911218
13312121911318
13312121911418
13312121911518
13312121912118
13312121913118
13312121914118
13312121915118
13311121918112
13311121918113
13311121918114
13311121918115
13311121918121
13311121918131
13311121918141
13311121918151
13311121918211
13311121918311
13311121918411
13311121918511
13312121921118
13311121928111
13312121931118
13311121938111
13312121941118
13311121948111
13312121951118
13311121958111
13312122811119
13311122819111
13312122911118
13311122918111
13312123811119
13311123819111
13312123911118
13311123918111
13312124811119
13311124819111
13312124911118
13311124918111
13312125811119
13311125819111
13312125911118
13311125918111
13310128911112
13310128911113
13310128911114
13310128911115
13310128911121
13310128911131
13310128911141
13310128911151
13310128911211
13310128911311
13310128911411
13310128911511
13310128912111
13310128913111
13310128914111
13310128915111
13310128921111
13310128931111
13310128941111
13310128951111
13310129811112
13310129811113
13310129811114
13310129811115
13310129811121
13310129811131
13310129811141
13310129811151
13310129811211
13310129811311
13310129811411
13310129811511
13310129812111
13310129813111
13310129814111
13310129815111
13310129821111
13310129831111
13310129841111
13310129851111
13312131811129
13312131811139
13312131811149
13312131811159
13312131811219
13312131811319
13312131811419
13312131811519
13312131812119
13312131813119
13312131814119
13312131815119
13311131819112
13311131819113
13311131819114
13311131819115
13311131819121
13311131819131
13311131819141
13311131819151
13311131819211
13311131819311
13311131819411
13311131819511
13312131821119
13311131829111
13312131831119
13311131839111
13312131841119
13311131849111
13312131851119
13311131859111
13312131911128
13312131911138
13312131911148
13312131911158
13312131911218
13312131911318
13312131911418
13312131911518
13312131912118
13312131913118
13312131914118
13312131915118
13311131918112
13311131918113
13311131918114
13311131918115
13311131918121
13311131918131
13311131918141
13311131918151
13311131918211
13311131918311
13311131918411
13311131918511
13312131921118
13311131928111
13312131931118
13311131938111
13312131941118
13311131948111
13312131951118
13311131958111
13312132811119
13311132819111
13312132911118
13311132918111
13312133811119
13311133819111
13312133911118
13311133918111
13312134811119
13311134819111
13312134911118
13311134918111
13312135811119
13311135819111
13312135911118
13311135918111
13310138911112
13310138911113
13310138911114
13310138911115
13310138911121
13310138911131
13310138911141
13310138911151
13310138911211
13310138911311
13310138911411
13310138911511
13310138912111
13310138913111
13310138914111
13310138915111
13310138921111
13310138931111
13310138941111
13310138951111
13310139811112
13310139811113
13310139811114
13310139811115
13310139811121
13310139811131
13310139811141
13310139811151
13310139811211
13310139811311
13310139811411
13310139811511
13310139812111
13310139813111
13310139814111
13310139815111
13310139821111
13310139831111
13310139841111
13310139851111
13312141811129
13312141811139
13312141811149
13312141811159
13312141811219
13312141811319
13312141811419
13312141811519
13312141812119
13312141813119
13312141814119
13312141815119
13311141819112
13311141819113
13311141819114
13311141819115
13311141819121
13311141819131
13311141819141
13311141819151
13311141819211
13311141819311
13311141819411
13311141819511
13312141821119
13311141829111
13312141831119
13311141839111
13312141841119
13311141849111
13312141851119
13311141859111
13312141911128
13312141911138
13312141911148
13312141911158
13312141911218
13312141911318
13312141911418
13312141911518
13312141912118
13312141913118
13312141914118
13312141915118
13311141918112
13311141918113
13311141918114
13311141918115
13311141918121
13311141918131
13311141918141
13311141918151
13311141918211
13311141918311
13311141918411
13311141918511
13312141921118
13311141928111
13312141931118
13311141938111
13312141941118
13311141948111
13312141951118
13311141958111
13312142811119
13311142819111
13312142911118
13311142918111
13312143811119
13311143819111
13312143911118
13311143918111
13312144811119
13311144819111
13312144911118
13311144918111
13312145811119
13311145819111
13312145911118
13311145918111
13310148911112
13310148911113
13310148911114
13310148911115
13310148911121
13310148911131
13310148911141
13310148911151
13310148911211
13310148911311
13310148911411
13310148911511
13310148912111
13310148913111
13310148914111
13310148915111
13310148921111
13310148931111
13310148941111
13310148951111
13310149811112
13310149811113
13310149811114
13310149811115
13310149811121
13310149811131
13310149811141
13310149811151
13310149811211
13310149811311
13310149811411
13310149811511
13310149812111
13310149813111
13310149814111
13310149815111
13310149821111
13310149831111
13310149841111
13310149851111
13312151811129
13312151811139
13312151811149
13312151811159
13312151811219
13312151811319
13312151811419
13312151811519
13312151812119
13312151813119
13312151814119
13312151815119
13311151819112
13311151819113
13311151819114
13311151819115
13311151819121
13311151819131
13311151819141
13311151819151
13311151819211
13311151819311
13311151819411
13311151819511
13312151821119
13311151829111
13312151831119
13311151839111
13312151841119
13311151849111
13312151851119
13311151859111
13312151911128
13312151911138
13312151911148
13312151911158
13312151911218
13312151911318
13312151911418
13312151911518
13312151912118
13312151913118
13312151914118
13312151915118
13311151918112
13311151918113
13311151918114
13311151918115
13311151918121
13311151918131
13311151918141
13311151918151
13311151918211
13311151918311
13311151918411
13311151918511
13312151921118
13311151928111
13312151931118
13311151938111
13312151941118
13311151948111
13312151951118
13311151958111
13312152811119
13311152819111
13312152911118
13311152918111
13312153811119
13311153819111
13312153911118
13311153918111
13312154811119
13311154819111
13312154911118
13311154918111
13312155811119
13311155819111
13312155911118
13311155918111
13310158911112
13310158911113
13310158911114
13310158911115
13310158911121
13310158911131
13310158911141
13310158911151
13310158911211
13310158911311
13310158911411
13310158911511
13310158912111
13310158913111
13310158914111
13310158915111
13310158921111
13310158931111
13310158941111
13310158951111
13310159811112
13310159811113
13310159811114
13310159811115
13310159811121
13310159811131
13310159811141
13310159811151
13310159811211
13310159811311
13310159811411
13310159811511
13310159812111
13310159813111
13310159814111
13310159815111
13310159821111
13310159831111
13310159841111
13310159851111
13311161111166
13311161111167
13311161111176
13311161111177
13311161111616
13311161111617
13311161111661
13311161111671
13311161111716
13311161111717
13311161111761
13311161111771
13312161118911
13312161119811
13311166111116
13311166111117
13311166111161
13311166111171
13311166111611
13311166111711
13311167111116
13311167111117
13311167111161
13311167111171
13311167111611
13311167111711
13311171111166
13311171111167
13311171111176
13311171111177
13311171111616
13311171111617
13311171111661
13311171111671
13311171111716
13311171111717
13311171111761
13311171111771
13312171118911
13312171119811
13311176111116
13311176111117
13311176111161
13311176111171
13311176111611
13311176111711
13311177111116
13311177111117
13311177111161
13311177111171
13311177111611
13311177111711
13312211811129
13312211811139
13312211811149
13312211811159
13312211811219
13312211811319
13312211811419
13312211811519
13312211812119
13312211813119
13312211814119
13312211815119
13311211819112
13311211819113
13311211819114
13311211819115
13311211819121
13311211819131
13311211819141
13311211819151
13311211819211
13311211819311
13311211819411
13311211819511
13312211821119
13311211829111
13312211831119
13311211839111
13312211841119
13311211849111
13312211851119
13311211859111
13312211911128
13312211911138
13312211911148
13312211911158
13312211911218
13312211911318
13312211911418
13312211911518
13312211912118
13312211913118
13312211914118
13312211915118
13311211918112
13311211918113
13311211918114
13311211918115
13311211918121
13311211918131
13311211918141
13311211918151
13311211918211
13311211918311
13311211918411
13311211918511
13312211921118
13311211928111
13312211931118
13311211938111
13312211941118
13311211948111
13312211951118
13311211958111
13312212811119
13311212819111
13312212911118
13311212918111
13312213811119
13311213819111
13312213911118
13311213918111
13312214811119
13311214819111
13312214911118
13311214918111
13312215811119
13311215819111
13312215911118
13311215918111
13310218911112
13310218911113
13310218911114
13310218911115
13310218911121
13310218911131
13310218911141
13310218911151
13310218911211
13310218911311
13310218911411
13310218911511
13310218912111
13310218913111
13310218914111
13310218915111
13310218921111
13310218931111
13310218941111
13310218951111
13310219811112
13310219811113
13310219811114
13310219811115
13310219811121
13310219811131
13310219811141
13310219811151
13310219811211
13310219811311
13310219811411
13310219811511
13310219812111
13310219813111
13310219814111
13310219815111
13310219821111
13310219831111
13310219841111
13310219851111
13312221811119
13311221819111
13312221911118
13311221918111
13310228911111
13310229811111
13312231811119
13311231819111
13312231911118
13311231918111
13310238911111
13310239811111
13312241811119
13311241819111
13312241911118
13311241918111
13310248911111
13310249811111
13312251811119
13311251819111
13312251911118
13311251918111
13310258911111
13310259811111
13312311811129
13312311811139
13312311811149
13312311811159
13312311811219
13312311811319
13312311811419
13312311811519
13312311812119
13312311813119
13312311814119
13312311815119
13311311819112
13311311819113
13311311819114
13311311819115
13311311819121
13311311819131
13311311819141
13311311819151
13311311819211
13311311819311
13311311819411
13311311819511
13312311821119
13311311829111
13312311831119
13311311839111
13312311841119
13311311849111
13312311851119
13311311859111
13312311911128
13312311911138
13312311911148
13312311911158
13312311911218
13312311911318
13312311911418
13312311911518
13312311912118
13312311913118
13312311914118
13312311915118
13311311918112
13311311918113
13311311918114
13311311918115
13311311918121
13311311918131
13311311918141
13311311918151
13311311918211
13311311918311
13311311918411
13311311918511
13312311921118
13311311928111
13312311931118
13311311938111
13312311941118
13311311948111
13312311951118
13311311958111
13312312811119
13311312819111
13312312911118
13311312918111
13312313811119
13311313819111
13312313911118
13311313918111
13312314811119
13311314819111
13312314911118
13311314918111
13312315811119
13311315819111
13312315911118
13311315918111
13310318911112
13310318911113
13310318911114
13310318911115
13310318911121
13310318911131
13310318911141
13310318911151
13310318911211
13310318911311
13310318911411
13310318911511
13310318912111
13310318913111
13310318914111
13310318915111
13310318921111
13310318931111
13310318941111
13310318951111
13310319811112
13310319811113
13310319811114
13310319811115
13310319811121
13310319811131
13310319811141
13310319811151
13310319811211
13310319811311
13310319811411
13310319811511
13310319812111
13310319813111
13310319814111
13310319815111
13310319821111
13310319831111
13310319841111
13310319851111
13312321811119
13311321819111
13312321911118
13311321918111
13310328911111
13310329811111
13312331811119
13311331819111
13312331911118
13311331918111
13310338911111
13310339811111
13312341811119
13311341819111
13312341911118
13311341918111
13310348911111
13310349811111
13312351811119
13311351819111
13312351911118
13311351918111
13310358911111
13310359811111
13312411811129
13312411811139
13312411811149
13312411811159
13312411811219
13312411811319
13312411811419
13312411811519
13312411812119
13312411813119
13312411814119
13312411815119
13311411819112
13311411819113
13311411819114
13311411819115
13311411819121
13311411819131
13311411819141
13311411819151
13311411819211
13311411819311
13311411819411
13311411819511
13312411821119
13311411829111
13312411831119
13311411839111
13312411841119
13311411849111
13312411851119
13311411859111
13312411911128
13312411911138
13312411911148
13312411911158
13312411911218
13312411911318
13312411911418
13312411911518
13312411912118
13312411913118
13312411914118
13312411915118
13311411918112
13311411918113
13311411918114
13311411918115
13311411918121
13311411918131
13311411918141
13311411918151
13311411918211
13311411918311
13311411918411
13311411918511
13312411921118
13311411928111
13312411931118
13311411938111
13312411941118
13311411948111
13312411951118
13311411958111
13312412811119
13311412819111
13312412911118
13311412918111
13312413811119
13311413819111
13312413911118
13311413918111
13312414811119
13311414819111
13312414911118
13311414918111
13312415811119
13311415819111
13312415911118
13311415918111
13310418911112
13310418911113
13310418911114
13310418911115
13310418911121
13310418911131
13310418911141
13310418911151
13310418911211
13310418911311
13310418911411
13310418911511
13310418912111
13310418913111
13310418914111
13310418915111
13310418921111
13310418931111
13310418941111
13310418951111
13310419811112
13310419811113
13310419811114
13310419811115
13310419811121
13310419811131
13310419811141
13310419811151
13310419811211
13310419811311
13310419811411
13310419811511
13310419812111
13310419813111
13310419814111
13310419815111
13310419821111
13310419831111
13310419841111
13310419851111
13312421811119
13311421819111
13312421911118
13311421918111
13310428911111
13310429811111
13312431811119
13311431819111
13312431911118
13311431918111
13310438911111
13310439811111
13312441811119
13311441819111
13312441911118
13311441918111
13310448911111
13310449811111
13312451811119
13311451819111
13312451911118
13311451918111
13310458911111
13310459811111
13312511811129
13312511811139
13312511811149
13312511811159
13312511811219
13312511811319
13312511811419
13312511811519
13312511812119
13312511813119
13312511814119
13312511815119
13311511819112
13311511819113
13311511819114
13311511819115
13311511819121
13311511819131
13311511819141
13311511819151
13311511819211
13311511819311
13311511819411
13311511819511
13312511821119
13311511829111
13312511831119
13311511839111
13312511841119
13311511849111
13312511851119
13311511859111
13312511911128
13312511911138
13312511911148
13312511911158
13312511911218
13312511911318
13312511911418
13312511911518
13312511912118
13312511913118
13312511914118
13312511915118
13311511918112
13311511918113
13311511918114
13311511918115
13311511918121
13311511918131
13311511918141
13311511918151
13311511918211
13311511918311
13311511918411
13311511918511
13312511921118
13311511928111
13312511931118
13311511938111
13312511941118
13311511948111
13312511951118
13311511958111
13312512811119
13311512819111
13312512911118
13311512918111
13312513811119
13311513819111
13312513911118
13311513918111
13312514811119
13311514819111
13312514911118
13311514918111
13312515811119
13311515819111
13312515911118
13311515918111
13310518911112
13310518911113
13310518911114
13310518911115
13310518911121
13310518911131
13310518911141
13310518911151
13310518911211
13310518911311
13310518911411
13310518911511
13310518912111
13310518913111
13310518914111
13310518915111
13310518921111
13310518931111
13310518941111
13310518951111
13310519811112
13310519811113
13310519811114
13310519811115
13310519811121
13310519811131
13310519811141
13310519811151
13310519811211
13310519811311
13310519811411
13310519811511
13310519812111
13310519813111
13310519814111
13310519815111
13310519821111
13310519831111
13310519841111
13310519851111
13312521811119
13311521819111
13312521911118
13311521918111
13310528911111
13310529811111
13312531811119
13311531819111
13312531911118
13311531918111
13310538911111
13310539811111
13312541811119
13311541819111
13312541911118
13311541918111
13310548911111
13310549811111
13312551811119
13311551819111
13312551911118
13311551918111
13310558911111
13310559811111
13311611111166
13311611111167
13311611111176
13311611111177
13311611111616
13311611111617
13311611111661
13311611111671
13311611111716
13311611111717
13311611111761
13311611111771
13312611118911
13312611119811
13311616111116
13311616111117
13311616111161
13311616111171
13311616111611
13311616111711
13311617111116
13311617111117
13311617111161
13311617111171
13311617111611
13311617111711
13311661111116
13311661111117
13311661111161
13311661111171
13311661111611
13311661111711
13311666111111
13311667111111
13311671111116
13311671111117
13311671111161
13311671111171
13311671111611
13311671111711
13311676111111
13311677111111
13311711111166
13311711111167
13311711111176
13311711111177
13311711111616
13311711111617
13311711111661
13311711111671
13311711111716
13311711111717
13311711111761
13311711111771
13312711118911
13312711119811
13311716111116
13311716111117
13311716111161
13311716111171
13311716111611
13311716111711
13311717111116
13311717111117
13311717111161
13311717111171
13311717111611
13311717111711
13311761111116
13311761111117
13311761111161
13311761111171
13311761111611
13311761111711
13311766111111
13311767111111
13311771111116
13311771111117
13311771111161
13311771111171
13311771111611
13311771111711
13311776111111
13311777111111
13310811119116
13310811119117
13310811119161
13310811119171
13310811119611
13310811119711
13300111111666
13300111111667
13300111111676
13300111111677
13300111111766
13300111111767
13300111111776
13300111111777
13300111116166
13300111116167
13300111116176
13300111116177
13300111116616
13300111116617
13300111116661
13300111116671
13300111116716
13300111116717
13300111116761
13300111116771
13300111117166
13300111117167
13300111117176
13300111117177
13300111117616
13300111117617
13300111117661
13300111117671
13300111117716
13300111117717
13300111117761
13300111117771
13300111161166
13300111161167
13300111161176
13300111161177
13300111161616
13300111161617
13300111161661
13300111161671
13300111161716
13300111161717
13300111161761
13300111161771
13300111166116
13300111166117
13300111166161
13300111166171
13300111166611
13300111166711
13300111167116
13300111167117
13300111167161
13300111167171
13300111167611
13300111167711
13300111171166
13300111171167
13300111171176
13300111171177
13300111171616
13300111171617
13300111171661
13300111171671
13300111171716
13300111171717
13300111171761
13300111171771
13300111176116
13300111176117
13300111176161
13300111176171
13300111176611
13300111176711
13300111177116
13300111177117
13300111177161
13300111177171
13300111177611
13300111177711
13300111611166
13300111611167
13300111611176
13300111611177
13300111611616
13300111611617
13300111611661
13300111611671
13300111611716
13300111611717
13300111611761
13300111611771
13300111616116
13300111616117
13300111616161
13300111616171
13300111616611
13300111616711
13300111617116
13300111617117
13300111617161
13300111617171
13300111617611
13300111617711
13300111661116
13300111661117
13300111661161
13300111661171
13300111661611
13300111661711
13300111666111
13300111667111
13300111671116
13300111671117
13300111671161
13300111671171
13300111671611
13300111671711
13300111676111
13300111677111
13300111711166
13300111711167
13300111711176
13300111711177
13300111711616
13300111711617
13300111711661
13300111711671
13300111711716
13300111711717
13300111711761
13300111711771
13300111716116
13300111716117
13300111716161
13300111716171
13300111716611
13300111716711
13300111717116
13300111717117
13300111717161
13300111717171
13300111717611
13300111717711
13300111761116
13300111761117
13300111761161
13300111761171
13300111761611
13300111761711
13300111766111
13300111767111
13300111771116
13300111771117
13300111771161
13300111771171
13300111771611
13300111771711
13300111776111
13300111777111
13300116111165
13300116111175
13300116111615
13300116111715
13300116161115
13300116171115
13300116611115
13300116711115
13300117111165
13300117111175
13300117111615
13300117111715
13300117161115
13300117171115
13300117611115
13300117711115
13302118116911
13302118117911
13302118161911
13302118171911
13302118611911
13302118711911
13301118911116
13301118911117
13301118911161
13301118911171
13301118911611
13301118911711
13302119116811
13302119117811
13302119161811
13302119171811
13302119611811
13302119711811
13301119811116
13301119811117
13301119811161
13301119811171
13301119811611
13301119811711
13300161111156
13300161111157
13300161111651
13300161111751
13300161116151
13300161117151
13300161611151
13300161711151
13300171111156
13300171111157
13300171111651
13300171111751
13300171116151
13300171117151
13300171611151
13300171711151
13300711111516
13300711111517
13300711111561
13300711111571
13300711116511
13300711117511
13300711161511
13300711171511
13302811111229
13302811111239
13302811111249
13302811111259
13302811111329
13302811111339
13302811111349
13302811111359
13302811111429
13302811111439
13302811111449
13302811111459
13302811111529
13302811111539
13302811111549
13302811111559
13302811112129
13302811112139
13302811112149
13302811112159
13302811112219
13302811112319
13302811112419
13302811112519
13302811113129
13302811113139
13302811113149
13302811113159
13302811113219
13302811113319
13302811113419
13302811113519
13302811114129
13302811114139
13302811114149
13302811114159
13302811114219
13302811114319
13302811114419
13302811114519
13302811115129
13302811115139
13302811115149
13302811115159
13302811115219
13302811115319
13302811115419
13302811115519
13301811119122
13301811119123
13301811119124
13301811119125
13301811119132
13301811119133
13301811119134
13301811119135
13301811119142
13301811119143
13301811119144
13301811119145
13301811119152
13301811119153
13301811119154
13301811119155
13301811119212
13301811119213
13301811119214
13301811119215
13301811119221
13301811119231
13301811119241
13301811119251
13301811119312
13301811119313
13301811119314
13301811119315
13301811119321
13301811119331
13301811119341
13301811119351
13301811119412
13301811119413
13301811119414
13301811119415
13301811119421
13301811119431
13301811119441
13301811119451
13301811119512
13301811119513
13301811119514
13301811119515
13301811119521
13301811119531
13301811119541
13301811119551
13302811121129
13302811121139
13302811121149
13302811121159
13302811121219
13302811121319
13302811121419
13302811121519
13302811122119
13302811123119
13302811124119
13302811125119
13301811129112
13301811129113
13301811129114
13301811129115
13301811129121
13301811129131
13301811129141
13301811129151
13301811129211
13301811129311
13301811129411
13301811129511
13302811131129
13302811131139
13302811131149
13302811131159
13302811131219
13302811131319
13302811131419
13302811131519
13302811132119
13302811133119
13302811134119
13302811135119
13301811139112
13301811139113
13301811139114
13301811139115
13301811139121
13301811139131
13301811139141
13301811139151
13301811139211
13301811139311
13301811139411
13301811139511
13302811141129
13302811141139
13302811141149
13302811141159
13302811141219
13302811141319
13302811141419
13302811141519
13302811142119
13302811143119
13302811144119
13302811145119
13301811149112
13301811149113
13301811149114
13301811149115
13301811149121
13301811149131
13301811149141
13301811149151
13301811149211
13301811149311
13301811149411
13301811149511
13302811151129
13302811151139
13302811151149
13302811151159
13302811151219
13302811151319
13302811151419
13302811151519
13302811152119
13302811153119
13302811154119
13302811155119
13301811159112
13301811159113
13301811159114
13301811159115
13301811159121
13301811159131
13301811159141
13301811159151
13301811159211
13301811159311
13301811159411
13301811159511
13302811211129
13302811211139
13302811211149
13302811211159
13302811211219
13302811211319
13302811211419
13302811211519
13302811212119
13302811213119
13302811214119
13302811215119
13301811219112
13301811219113
13301811219114
13301811219115
13301811219121
13301811219131
13301811219141
13301811219151
13301811219211
13301811219311
13301811219411
13301811219511
13302811221119
13301811229111
13302811231119
13301811239111
13302811241119
13301811249111
13302811251119
13301811259111
13302811311129
13302811311139
13302811311149
13302811311159
13302811311219
13302811311319
13302811311419
13302811311519
13302811312119
13302811313119
13302811314119
13302811315119
13301811319112
13301811319113
13301811319114
13301811319115
13301811319121
13301811319131
13301811319141
13301811319151
13301811319211
13301811319311
13301811319411
13301811319511
13302811321119
13301811329111
13302811331119
13301811339111
13302811341119
13301811349111
13302811351119
13301811359111
13302811411129
13302811411139
13302811411149
13302811411159
13302811411219
13302811411319
13302811411419
13302811411519
13302811412119
13302811413119
13302811414119
13302811415119
13301811419112
13301811419113
13301811419114
13301811419115
13301811419121
13301811419131
13301811419141
13301811419151
13301811419211
13301811419311
13301811419411
13301811419511
13302811421119
13301811429111
13302811431119
13301811439111
13302811441119
13301811449111
13302811451119
13301811459111
13302811511129
13302811511139
13302811511149
13302811511159
13302811511219
13302811511319
13302811511419
13302811511519
13302811512119
13302811513119
13302811514119
13302811515119
13301811519112
13301811519113
13301811519114
13301811519115
13301811519121
13301811519131
13301811519141
13301811519151
13301811519211
13301811519311
13301811519411
13301811519511
13302811521119
13301811529111
13302811531119
13301811539111
13302811541119
13301811549111
13302811551119
13301811559111
13302812111129
13302812111139
13302812111149
13302812111159
13302812111219
13302812111319
13302812111419
13302812111519
13302812112119
13302812113119
13302812114119
13302812115119
13301812119112
13301812119113
13301812119114
13301812119115
13301812119121
13301812119131
13301812119141
13301812119151
13301812119211
13301812119311
13301812119411
13301812119511
13302812121119
13301812129111
13302812131119
13301812139111
13302812141119
13301812149111
13302812151119
13301812159111
13302812211119
13301812219111
13302812311119
13301812319111
13302812411119
13301812419111
13302812511119
13301812519111
13302813111129
13302813111139
13302813111149
13302813111159
13302813111219
13302813111319
13302813111419
13302813111519
13302813112119
13302813113119
13302813114119
13302813115119
13301813119112
13301813119113
13301813119114
13301813119115
13301813119121
13301813119131
13301813119141
13301813119151
13301813119211
13301813119311
13301813119411
13301813119511
13302813121119
13301813129111
13302813131119
13301813139111
13302813141119
13301813149111
13302813151119
13301813159111
13302813211119
13301813219111
13302813311119
13301813319111
13302813411119
13301813419111
13302813511119
13301813519111
13302814111129
13302814111139
13302814111149
13302814111159
13302814111219
13302814111319
13302814111419
13302814111519
13302814112119
13302814113119
13302814114119
13302814115119
13301814119112
13301814119113
13301814119114
13301814119115
13301814119121
13301814119131
13301814119141
13301814119151
13301814119211
13301814119311
13301814119411
13301814119511
13302814121119
13301814129111
13302814131119
13301814139111
13302814141119
13301814149111
13302814151119
13301814159111
13302814211119
13301814219111
13302814311119
13301814319111
13302814411119
13301814419111
13302814511119
13301814519111
13302815111129
13302815111139
13302815111149
13302815111159
13302815111219
13302815111319
13302815111419
13302815111519
13302815112119
13302815113119
13302815114119
13302815115119
13301815119112
13301815119113
13301815119114
13301815119115
13301815119121
13301815119131
13301815119141
13301815119151
13301815119211
13301815119311
13301815119411
13301815119511
13302815121119
13301815129111
13302815131119
13301815139111
13302815141119
13301815149111
13302815151119
13301815159111
13302815211119
13301815219111
13302815311119
13301815319111
13302815411119
13301815419111
13302815511119
13301815519111
13300819111122
13300819111123
13300819111124
13300819111125
13300819111132
13300819111133
13300819111134
13300819111135
13300819111142
13300819111143
13300819111144
13300819111145
13300819111152
13300819111153
13300819111154
13300819111155
13300819111212
13300819111213
13300819111214
13300819111215
13300819111221
13300819111231
13300819111241
13300819111251
13300819111312
13300819111313
13300819111314
13300819111315
13300819111321
13300819111331
13300819111341
13300819111351
13300819111412
13300819111413
13300819111414
13300819111415
13300819111421
13300819111431
13300819111441
13300819111451
13300819111512
13300819111513
13300819111514
13300819111515
13300819111521
13300819111531
13300819111541
13300819111551
13300819112112
13300819112113
13300819112114
13300819112115
13300819112121
13300819112131
13300819112141
13300819112151
13300819112211
13300819112311
13300819112411
13300819112511
13300819113112
13300819113113
13300819113114
13300819113115
13300819113121
13300819113131
13300819113141
13300819113151
13300819113211
13300819113311
13300819113411
13300819113511
13300819114112
13300819114113
13300819114114
13300819114115
13300819114121
13300819114131
13300819114141
13300819114151
13300819114211
13300819114311
13300819114411
13300819114511
13300819115112
13300819115113
13300819115114
13300819115115
13300819115121
13300819115131
13300819115141
13300819115151
13300819115211
13300819115311
13300819115411
13300819115511
13300819121112
13300819121113
13300819121114
13300819121115
13300819121121
13300819121131
13300819121141
13300819121151
13300819121211
13300819121311
13300819121411
13300819121511
13300819122111
13300819123111
13300819124111
13300819125111
13300819131112
13300819131113
13300819131114
13300819131115
13300819131121
13300819131131
13300819131141
13300819131151
13300819131211
13300819131311
13300819131411
13300819131511
13300819132111
13300819133111
13300819134111
13300819135111
13300819141112
13300819141113
13300819141114
13300819141115
13300819141121
13300819141131
13300819141141
13300819141151
13300819141211
13300819141311
13300819141411
13300819141511
13300819142111
13300819143111
13300819144111
13300819145111
13300819151112
13300819151113
13300819151114
13300819151115
13300819151121
13300819151131
13300819151141
13300819151151
13300819151211
13300819151311
13300819151411
13300819151511
13300819152111
13300819153111
13300819154111
13300819155111
13300819211112
13300819211113
13300819211114
13300819211115
13300819211121
13300819211131
13300819211141
13300819211151
13300819211211
13300819211311
13300819211411
13300819211511
13300819212111
13300819213111
13300819214111
13300819215111
13300819221111
13300819231111
13300819241111
13300819251111
13300819311112
13300819311113
13300819311114
13300819311115
13300819311121
13300819311131
13300819311141
13300819311151
13300819311211
13300819311311
13300819311411
13300819311511
13300819312111
13300819313111
13300819314111
13300819315111
13300819321111
13300819331111
13300819341111
13300819351111
13300819411112
13300819411113
13300819411114
13300819411115
13300819411121
13300819411131
13300819411141
13300819411151
13300819411211
13300819411311
13300819411411
13300819411511
13300819412111
13300819413111
13300819414111
13300819415111
13300819421111
13300819431111
13300819441111
13300819451111
13300819511112
13300819511113
13300819511114
13300819511115
13300819511121
13300819511131
13300819511141
13300819511151
13300819511211
13300819511311
13300819511411
13300819511511
13300819512111
13300819513111
13300819514111
13300819515111
13300819521111
13300819531111
13300819541111
13300819551111
13302821111129
13302821111139
13302821111149
13302821111159
13302821111219
13302821111319
13302821111419
13302821111519
13302821112119
13302821113119
13302821114119
13302821115119
13301821119112
13301821119113
13301821119114
13301821119115
13301821119121
13301821119131
13301821119141
13301821119151
13301821119211
13301821119311
13301821119411
13301821119511
13302821121119
13301821129111
13302821131119
13301821139111
13302821141119
13301821149111
13302821151119
13301821159111
13302821211119
13301821219111
13302821311119
13301821319111
13302821411119
13301821419111
13302821511119
13301821519111
13302822111119
13301822119111
13302823111119
13301823119111
13302824111119
13301824119111
13302825111119
13301825119111
13300829111112
13300829111113
13300829111114
13300829111115
13300829111121
13300829111131
13300829111141
13300829111151
13300829111211
13300829111311
13300829111411
13300829111511
13300829112111
13300829113111
13300829114111
13300829115111
13300829121111
13300829131111
13300829141111
13300829151111
13300829211111
13300829311111
13300829411111
13300829511111
13302831111129
13302831111139
13302831111149
13302831111159
13302831111219
13302831111319
13302831111419
13302831111519
13302831112119
13302831113119
13302831114119
13302831115119
13301831119112
13301831119113
13301831119114
13301831119115
13301831119121
13301831119131
13301831119141
13301831119151
13301831119211
13301831119311
13301831119411
13301831119511
13302831121119
13301831129111
13302831131119
13301831139111
13302831141119
13301831149111
13302831151119
13301831159111
13302831211119
13301831219111
13302831311119
13301831319111
13302831411119
13301831419111
13302831511119
13301831519111
13302832111119
13301832119111
13302833111119
13301833119111
13302834111119
13301834119111
13302835111119
13301835119111
13300839111112
13300839111113
13300839111114
13300839111115
13300839111121
13300839111131
13300839111141
13300839111151
13300839111211
13300839111311
13300839111411
13300839111511
13300839112111
13300839113111
13300839114111
13300839115111
13300839121111
13300839131111
13300839141111
13300839151111
13300839211111
13300839311111
13300839411111
13300839511111
13302841111129
13302841111139
13302841111149
13302841111159
13302841111219
13302841111319
13302841111419
13302841111519
13302841112119
13302841113119
13302841114119
13302841115119
13301841119112
13301841119113
13301841119114
13301841119115
13301841119121
13301841119131
13301841119141
13301841119151
13301841119211
13301841119311
13301841119411
13301841119511
13302841121119
13301841129111
13302841131119
13301841139111
13302841141119
13301841149111
13302841151119
13301841159111
13302841211119
13301841219111
13302841311119
13301841319111
13302841411119
13301841419111
13302841511119
13301841519111
13302842111119
13301842119111
13302843111119
13301843119111
13302844111119
13301844119111
13302845111119
13301845119111
13300849111112
13300849111113
13300849111114
13300849111115
13300849111121
13300849111131
13300849111141
13300849111151
13300849111211
13300849111311
13300849111411
13300849111511
13300849112111
13300849113111
13300849114111
13300849115111
13300849121111
13300849131111
13300849141111
13300849151111
13300849211111
13300849311111
13300849411111
13300849511111
13302851111129
13302851111139
13302851111149
13302851111159
13302851111219
13302851111319
13302851111419
13302851111519
13302851112119
13302851113119
13302851114119
13302851115119
13301851119112
13301851119113
13301851119114
13301851119115
13301851119121
13301851119131
13301851119141
13301851119151
13301851119211
13301851119311
13301851119411
13301851119511
13302851121119
13301851129111
13302851131119
13301851139111
13302851141119
13301851149111
13302851151119
13301851159111
13302851211119
13301851219111
13302851311119
13301851319111
13302851411119
13301851419111
13302851511119
13301851519111
13302852111119
13301852119111
13302853111119
13301853119111
13302854111119
13301854119111
13302855111119
13301855119111
13300859111112
13300859111113
13300859111114
13300859111115
13300859111121
13300859111131
13300859111141
13300859111151
13300859111211
13300859111311
13300859111411
13300859111511
13300859112111
13300859113111
13300859114111
13300859115111
13300859121111
13300859131111
13300859141111
13300859151111
13300859211111
13300859311111
13300859411111
13300859511111
