13321111181139
13321111181319
13321111183119
13321111191138
13321111191318
13321111193118
13321111281119
13321111291118
13321111381119
13321111391118
13321111481119
13321111491118
13321111581119
13321111591118
13321111811192
13321111811193
13321111811194
13321111811195
13321111811391
13321111813191
13321111831191
13321111911182
13321111911183
13321111911184
13321111911185
13321111911381
13321111913181
13321111931181
13321112181119
13321112191118
13321112811191
13321112911181
13321113181119
13321113191118
13321113811191
13321113911181
13321114181119
13321114191118
13321114811191
13321114911181
13321115181119
13321115191118
13321115811191
13321115911181
13321121181119
13321121191118
13321121811191
13321121911181
13321131181119
13321131191118
13321131811191
13321131911181
13321141181119
13321141191118
13321141811191
13321141911181
13321151181119
13321151191118
13321151811191
13321151911181
13320181111139
13320181111319
13320181112119
13320181113119
13320181114119
13320181115119
13320181121119
13320181131119
13320181141119
13320181151119
13320181211119
13320181311119
13320181411119
13320181511119
13320183111119
13320191111138
13320191111318
13320191112118
13320191113118
13320191114118
13320191115118
13320191121118
13320191131118
13320191141118
13320191151118
13320191211118
13320191311118
13320191411118
13320191511118
13320193111118
13321211181119
13321211191118
13321211811191
13321211911181
13320281111119
13320291111118
13321311181119
13321311191118
13321311811191
13321311911181
13320381111119
13320391111118
13321411181119
13321411191118
13321411811191
13321411911181
13320481111119
13320491111118
13321511181119
13321511191118
13321511811191
13321511911181
13320581111119
13320591111118
13320811111192
13320811111193
13320811111194
13320811111195
13320811111391
13320811112191
13320811113191
13320811114191
13320811115191
13320811121191
13320811131191
13320811141191
13320811151191
13320811211191
13320811311191
13320811411191
13320811511191
13320813111191
13320831111191
13312111118193
13312111118291
13312111118391
13312111118491
13312111118591
13312111119183
13312111119281
13312111119381
13312111119481
13312111119581
13312111138191
13312111139181
13312111181913
13312111181931
13312111182911
13312111183911
13312111184911
13312111185911
13312111191813
13312111191831
13312111192811
13312111193811
13312111194811
13312111195811
13312111318191
13312111319181
13312111381911
13312111391811
13312112118191
13312112119181
13312112181911
13312112191811
13312113118191
13312113119181
13312113181911
13312113191811
13312114118191
13312114119181
13312114181911
13312114191811
13312115118191
13312115119181
13312115181911
13312115191811
13312121118191
13312121119181
13312121181911
13312121191811
13312131118191
13312131119181
13312131181911
13312131191811
13312141118191
13312141119181
13312141181911
13312141191811
13312151118191
13312151119181
13312151181911
13312151191811
13310181119112
13310181119113
13310181119114
13310181119115
13310181119121
13310181119131
13310181119141
13310181119151
13310181119211
13310181119311
13310181119411
13310181119511
13310181139111
13310181319111
13310183119111
13310191118112
13310191118113
13310191118114
13310191118115
13310191118121
13310191118131
13310191118141
13310191118151
13310191118211
13310191118311
13310191118411
13310191118511
13310191138111
13310191318111
13310193118111
13312211118191
13312211119181
13312211181911
13312211191811
13310281119111
13310291118111
13312311118191
13312311119181
13312311181911
13312311191811
13310381119111
13310391118111
13312411118191
13312411119181
13312411181911
13312411191811
13310481119111
13310491118111
13312511118191
13312511119181
13312511181911
13312511191811
13310581119111
13310591118111
13310811191112
13310811191113
13310811191114
13310811191115
13310811191121
13310811191131
13310811191141
13310811191151
13310811191211
13310811191311
13310811191411
13310811191511
13310811192111
13310811193111
13310811194111
13310811195111
13310811391111
13310813191111
13310831191111
13302118111193
13302118111291
13302118111391
13302118111491
13302118111591
13302118112191
13302118113191
13302118114191
13302118115191
13302118121191
13302118131191
13302118141191
13302118151191
13301118191112
13301118191113
13301118191114
13301118191115
13301118191121
13301118191131
13301118191141
13301118191151
13301118191211
13301118191311
13301118191411
13301118191511
13301118193111
13302118211191
13301118291111
13302118311191
13301118391111
13302118411191
13301118491111
13302118511191
13301118591111
13302119111183
13302119111281
13302119111381
13302119111481
13302119111581
13302119112181
13302119113181
13302119114181
13302119115181
13302119121181
13302119131181
13302119141181
13302119151181
13301119181112
13301119181113
13301119181114
13301119181115
13301119181121
13301119181131
13301119181141
13301119181151
13301119181211
13301119181311
13301119181411
13301119181511
13301119183111
13302119211181
13301119281111
13302119311181
13301119381111
13302119411181
13301119481111
13302119511181
13301119581111
13302138111191
13301138191111
13302139111181
13301139181111
13302181111913
13302181111931
13302181112911
13302181113911
13302181114911
13302181115911
13302181121911
13302181131911
13302181141911
13302181151911
13302181211911
13302181311911
13302181411911
13302181511911
13301181911112
13301181911113
13301181911114
13301181911115
13301181911121
13301181911131
13301181911141
13301181911151
13301181911211
13301181911311
13301181911411
13301181911511
13301181913111
13301181931111
13302182111911
13301182911111
13302183111911
13301183911111
13302184111911
13301184911111
13302185111911
13301185911111
13302191111813
13302191111831
13302191112811
13302191113811
13302191114811
13302191115811
13302191121811
13302191131811
13302191141811
13302191151811
13302191211811
13302191311811
13302191411811
13302191511811
13301191811112
13301191811113
13301191811114
13301191811115
13301191811121
13301191811131
13301191811141
13301191811151
13301191811211
13301191811311
13301191811411
13301191811511
13301191813111
13301191831111
13302192111811
13301192811111
13302193111811
13301193811111
13302194111811
13301194811111
13302195111811
13301195811111
13302318111191
13301318191111
13302319111181
13301319181111
13302381111911
13301381911111
13302391111811
13301391811111
