13322111111389
13322111111398
13322111111893
13322111111983
13322111112189
13322111112198
13322111112891
13322111112981
13322111113189
13322111113198
13322111113891
13322111113981
13322111114189
13322111114198
13322111114891
13322111114981
13322111115189
13322111115198
13322111115891
13322111115981
13321111116135
13321111116315
13321111117135
13321111117315
13321111118192
13321111118193
13321111118194
13321111118195
13321111118391
13321111119182
13321111119183
13321111119184
13321111119185
13321111119381
13322111121189
13322111121198
13322111121891
13322111121981
13321111126115
13321111127115
13321111128191
13321111129181
13321111131156
13321111131157
13322111131189
13322111131198
13322111131891
13322111131981
13321111136115
13321111137115
13321111138191
13321111139181
13322111141189
13322111141198
13322111141891
13322111141981
13321111146115
13321111147115
13321111148191
13321111149181
13322111151189
13322111151198
13322111151891
13322111151981
13321111156115
13321111157115
13321111158191
13321111159181
13321111161152
13321111161153
13321111161154
13321111161155
13321111161351
13321111163115
13321111163151
13321111171152
13321111171153
13321111171154
13321111171155
13321111171351
13321111173115
13321111173151
13321111181912
13321111181913
13321111181914
13321111181915
13321111181921
13321111181931
13321111181941
13321111181951
13321111183911
13321111191812
13321111191813
13321111191814
13321111191815
13321111191821
13321111191831
13321111191841
13321111191851
13321111193811
13322111211189
13322111211198
13322111211891
13322111211981
13321111216115
13321111217115
13321111218191
13321111219181
13321111261151
13321111271151
13321111281911
13321111291811
13322111311189
13322111311198
13321111311516
13321111311517
13321111311561
13321111311571
13322111311891
13322111311981
13321111316115
13321111317115
13321111318191
13321111319181
13321111361151
13321111371151
13321111381911
13321111391811
13322111411189
13322111411198
13322111411891
13322111411981
13321111416115
13321111417115
13321111418191
13321111419181
13321111461151
13321111471151
13321111481911
13321111491811
13322111511189
13322111511198
13322111511891
13322111511981
13321111516115
13321111517115
13321111518191
13321111519181
13321111561151
13321111571151
13321111581911
13321111591811
13321111611512
13321111611513
13321111611514
13321111611515
13321111611521
13321111611531
13321111611541
13321111611551
13321111613115
13321111613511
13321111631151
13321111631511
13321111711512
13321111711513
13321111711514
13321111711515
13321111711521
13321111711531
13321111711541
13321111711551
13321111713115
13321111713511
13321111731151
13321111731511
13322112111189
13322112111198
13322112111891
13322112111981
13321112116115
13321112117115
13321112118191
13321112119181
13321112161151
13321112171151
13321112181911
13321112191811
13321112611511
13321112711511
13322113111189
13322113111198
13322113111891
13322113111981
13321113116115
13321113117115
13321113118191
13321113119181
13321113161151
13321113171151
13321113181911
13321113191811
13321113611511
13321113711511
13322114111189
13322114111198
13322114111891
13322114111981
13321114116115
13321114117115
13321114118191
13321114119181
13321114161151
13321114171151
13321114181911
13321114191811
13321114611511
13321114711511
13322115111189
13322115111198
13322115111891
13322115111981
13321115116115
13321115117115
13321115118191
13321115119181
13321115161151
13321115171151
13321115181911
13321115191811
13321115611511
13321115711511
13321116113115
13321116131151
13321116311511
13321117113115
13321117131151
13321117311511
13320118111192
13320118111193
13320118111194
13320118111195
13320118111391
13320118112191
13320118113191
13320118114191
13320118115191
13320118121191
13320118131191
13320118141191
13320118151191
13320118211191
13320118311191
13320118411191
13320118511191
13320119111182
13320119111183
13320119111184
13320119111185
13320119111381
13320119112181
13320119113181
13320119114181
13320119115181
13320119121181
13320119131181
13320119141181
13320119151181
13320119211181
13320119311181
13320119411181
13320119511181
13322121111189
13322121111198
13322121111891
13322121111981
13321121116115
13321121117115
13321121118191
13321121119181
13321121161151
13321121171151
13321121181911
13321121191811
13321121611511
13321121711511
13320128111191
13320129111181
13322131111189
13322131111198
13322131111891
13322131111981
13321131116115
13321131117115
13321131118191
13321131119181
13321131161151
13321131171151
13321131181911
13321131191811
13321131611511
13321131711511
13320138111191
13320139111181
13322141111189
13322141111198
13322141111891
13322141111981
13321141116115
13321141117115
13321141118191
13321141119181
13321141161151
13321141171151
13321141181911
13321141191811
13321141611511
13321141711511
13320148111191
13320149111181
13322151111189
13322151111198
13322151111891
13322151111981
13321151116115
13321151117115
13321151118191
13321151119181
13321151161151
13321151171151
13321151181911
13321151191811
13321151611511
13321151711511
13320158111191
13320159111181
13321161113115
13321161131151
13321161311511
13321171113115
13321171131151
13321171311511
13320181111912
13320181111913
13320181111914
13320181111915
13320181111921
13320181111931
13320181111941
13320181111951
13320181112911
13320181113911
13320181114911
13320181115911
13320181121911
13320181131911
13320181141911
13320181151911
13320181211911
13320181311911
13320181411911
13320181511911
13320183111911
13320191111812
13320191111813
13320191111814
13320191111815
13320191111821
13320191111831
13320191111841
13320191111851
13320191112811
13320191113811
13320191114811
13320191115811
13320191121811
13320191131811
13320191141811
13320191151811
13320191211811
13320191311811
13320191411811
13320191511811
13320193111811
13322211111189
13322211111198
13322211111891
13322211111981
13321211116115
13321211117115
13321211118191
13321211119181
13321211161151
13321211171151
13321211181911
13321211191811
13321211611511
13321211711511
13320218111191
13320219111181
13320281111911
13320291111811
13322311111189
13322311111198
13322311111891
13322311111981
13321311116115
13321311117115
13321311118191
13321311119181
13321311161151
13321311171151
13321311181911
13321311191811
13321311611511
13321311711511
13320318111191
13320319111181
13320381111911
13320391111811
13322411111189
13322411111198
13322411111891
13322411111981
13321411116115
13321411117115
13321411118191
13321411119181
13321411161151
13321411171151
13321411181911
13321411191811
13321411611511
13321411711511
13320418111191
13320419111181
13320481111911
13320491111811
13322511111189
13322511111198
13322511111891
13322511111981
13321511116115
13321511117115
13321511118191
13321511119181
13321511161151
13321511171151
13321511181911
13321511191811
13321511611511
13321511711511
13320518111191
13320519111181
13320581111911
13320591111811
13321611113115
13321611131151
13321611311511
13321711113115
13321711131151
13321711311511
13312111114163
13312111114173
13312111114613
13312111114713
13312111116123
13312111116133
13312111116143
13312111116153
13312111116213
13312111116313
13312111116413
13312111116513
13312111117123
13312111117133
13312111117143
13312111117153
13312111117213
13312111117313
13312111117413
13312111117513
13312111136113
13312111137113
13312111141631
13312111141731
13312111146131
13312111147131
13312111161133
13312111161231
13312111161331
13312111161431
13312111161531
13312111162131
13312111163131
13312111164131
13312111165131
13312111171133
13312111171231
13312111171331
13312111171431
13312111171531
13312111172131
13312111173131
13312111174131
13312111175131
13312111181129
13312111181139
13312111181149
13312111181159
13312111181219
13312111181319
13312111181419
13312111181519
13312111182119
13312111183119
13312111184119
13312111185119
13311111189112
13311111189113
13311111189114
13311111189115
13311111189121
13311111189131
13311111189141
13311111189151
13311111189211
13311111189311
13311111189411
13311111189511
13312111191128
13312111191138
13312111191148
13312111191158
13312111191218
13312111191318
13312111191418
13312111191518
13312111192118
13312111193118
13312111194118
13312111195118
13311111198112
13311111198113
13311111198114
13311111198115
13311111198121
13311111198131
13311111198141
13311111198151
13311111198211
13311111198311
13311111198411
13311111198511
13312111316113
13312111317113
13312111361131
13312111371131
13312111381119
13311111389111
13312111391118
13311111398111
13312111416311
13312111417311
13312111461311
13312111471311
13312111611313
13312111611331
13312111612311
13312111613311
13312111614311
13312111615311
13312111621311
13312111631311
13312111641311
13312111651311
13312111711313
13312111711331
13312111712311
13312111713311
13312111714311
13312111715311
13312111721311
13312111731311
13312111741311
13312111751311
13312111811193
13312111811291
13312111811391
13312111811491
13312111811591
13312111812191
13312111813191
13312111814191
13312111815191
13312111821191
13312111831191
13312111841191
13312111851191
13311111891112
13311111891113
13311111891114
13311111891115
13311111891121
13311111891131
13311111891141
13311111891151
13311111891211
13311111891311
13311111891411
13311111891511
13311111893111
13312111911183
13312111911281
13312111911381
13312111911481
13312111911581
13312111912181
13312111913181
13312111914181
13312111915181
13312111921181
13312111931181
13312111941181
13312111951181
13311111981112
13311111981113
13311111981114
13311111981115
13311111981121
13311111981131
13311111981141
13311111981151
13311111981211
13311111981311
13311111981411
13311111981511
13311111983111
13312112116113
13312112117113
13312112161131
13312112171131
13312112181119
13311112189111
13312112191118
13311112198111
13312112611311
13312112711311
13312112811191
13311112891111
13312112911181
13311112981111
13310113115116
13310113115117
13310113115161
13310113115171
13310113115611
13310113115711
13312113116113
13312113117113
13312113161131
13312113171131
13312113181119
13311113189111
13312113191118
13311113198111
13312113611311
13312113711311
13312113811191
13311113891111
13312113911181
13311113981111
13312114116113
13312114117113
13312114161131
13312114171131
13312114181119
13311114189111
13312114191118
13311114198111
13312114611311
13312114711311
13312114811191
13311114891111
13312114911181
13311114981111
13312115116113
13312115117113
13312115161131
13312115171131
13312115181119
13311115189111
13312115191118
13311115198111
13312115611311
13312115711311
13312115811191
13311115891111
13312115911181
13311115981111
13312116114113
13310116115112
13310116115113
13310116115114
13310116115115
13310116115121
13310116115131
13310116115141
13310116115151
13310116115211
13310116115311
13310116115411
13310116115511
13310116135111
13312116141131
13310116315111
13312116411311
13312117114113
13310117115112
13310117115113
13310117115114
13310117115115
13310117115121
13310117115131
13310117115141
13310117115151
13310117115211
13310117115311
13310117115411
13310117115511
13310117135111
13312117141131
13310117315111
13312117411311
13310118191112
13310118191113
13310118191114
13310118191115
13310118191121
13310118191131
13310118191141
13310118191151
13310118191211
13310118191311
13310118191411
13310118191511
13310118192111
13310118193111
13310118194111
13310118195111
13310118391111
13310119181112
13310119181113
13310119181114
13310119181115
13310119181121
13310119181131
13310119181141
13310119181151
13310119181211
13310119181311
13310119181411
13310119181511
13310119182111
13310119183111
13310119184111
13310119185111
13310119381111
13312121116113
13312121117113
13312121161131
13312121171131
13312121181119
13311121189111
13312121191118
13311121198111
13312121611311
13312121711311
13312121811191
13311121891111
13312121911181
13311121981111
13310126115111
13310127115111
13310128191111
13310129181111
13312131116113
13312131117113
13310131151116
13310131151117
13310131151161
13310131151171
13310131151611
13310131151711
13310131156111
13310131157111
13312131161131
13312131171131
13312131181119
13311131189111
13312131191118
13311131198111
13312131611311
13312131711311
13312131811191
13311131891111
13312131911181
13311131981111
13310136115111
13310137115111
13310138191111
13310139181111
13312141116113
13312141117113
13312141161131
13312141171131
13312141181119
13311141189111
13312141191118
13311141198111
13312141611311
13312141711311
13312141811191
13311141891111
13312141911181
13311141981111
13310146115111
13310147115111
13310148191111
13310149181111
13312151116113
13312151117113
13312151161131
13312151171131
13312151181119
13311151189111
13312151191118
13311151198111
13312151611311
13312151711311
13312151811191
13311151891111
13312151911181
13311151981111
13310156115111
13310157115111
13310158191111
13310159181111
13312161114113
13312161141131
13310161151112
13310161151113
13310161151114
13310161151115
13310161151121
13310161151131
13310161151141
13310161151151
13310161151211
13310161151311
13310161151411
13310161151511
13310161152111
13310161153111
13310161154111
13310161155111
13310161351111
13312161411311
13310163115111
13310163151111
13312171114113
13312171141131
13310171151112
13310171151113
13310171151114
13310171151115
13310171151121
13310171151131
13310171151141
13310171151151
13310171151211
13310171151311
13310171151411
13310171151511
13310171152111
13310171153111
13310171154111
13310171155111
13310171351111
13312171411311
13310173115111
13310173151111
13310181911112
13310181911113
13310181911114
13310181911115
13310181911121
13310181911131
13310181911141
13310181911151
13310181911211
13310181911311
13310181911411
13310181911511
13310181912111
13310181913111
13310181914111
13310181915111
13310181921111
13310181931111
13310181941111
13310181951111
13310183911111
13310191811112
13310191811113
13310191811114
13310191811115
13310191811121
13310191811131
13310191811141
13310191811151
13310191811211
13310191811311
13310191811411
13310191811511
13310191812111
13310191813111
13310191814111
13310191815111
13310191821111
13310191831111
13310191841111
13310191851111
13310193811111
13312211116113
13312211117113
13312211161131
13312211171131
13312211181119
13311211189111
13312211191118
13311211198111
13312211611311
13312211711311
13312211811191
13311211891111
13312211911181
13311211981111
13310216115111
13310217115111
13310218191111
13310219181111
13310261151111
13310271151111
13310281911111
13310291811111
13312311116113
13312311117113
13312311161131
13312311171131
13312311181119
13311311189111
13312311191118
13311311198111
13310311511116
13310311511117
13310311511161
13310311511171
13310311511611
13310311511711
13310311516111
13310311517111
13310311561111
13310311571111
13312311611311
13312311711311
13312311811191
13311311891111
13312311911181
13311311981111
13310316115111
13310317115111
13310318191111
13310319181111
13310361151111
13310371151111
13310381911111
13310391811111
13312411116113
13312411117113
13312411161131
13312411171131
13312411181119
13311411189111
13312411191118
13311411198111
13312411611311
13312411711311
13312411811191
13311411891111
13312411911181
13311411981111
13310416115111
13310417115111
13310418191111
13310419181111
13310461151111
13310471151111
13310481911111
13310491811111
13312511116113
13312511117113
13312511161131
13312511171131
13312511181119
13311511189111
13312511191118
13311511198111
13312511611311
13312511711311
13312511811191
13311511891111
13312511911181
13311511981111
13310516115111
13310517115111
13310518191111
13310519181111
13310561151111
13310571151111
13310581911111
13310591811111
13312611114113
13312611141131
13312611411311
13310611511112
13310611511113
13310611511114
13310611511115
13310611511121
13310611511131
13310611511141
13310611511151
13310611511211
13310611511311
13310611511411
13310611511511
13310611512111
13310611513111
13310611514111
13310611515111
13310611521111
13310611531111
13310611541111
13310611551111
13310613115111
13310613511111
13310631151111
13310631511111
13312711114113
13312711141131
13312711411311
13310711511112
13310711511113
13310711511114
13310711511115
13310711511121
13310711511131
13310711511141
13310711511151
13310711511211
13310711511311
13310711511411
13310711511511
13310711512111
13310711513111
13310711514111
13310711515111
13310711521111
13310711531111
13310711541111
13310711551111
13310713115111
13310713511111
13310731151111
13310731511111
13301114113116
13301114113117
13301114113161
13301114113171
13301114113611
13301114113711
13301114163111
13301114173111
13301114613111
13301114713111
13301116113112
13301116113113
13301116113114
13301116113115
13301116113121
13301116113131
13301116113141
13301116113151
13301116113211
13301116113311
13301116113411
13301116113511
13301116123111
13301116133111
13301116143111
13301116153111
13301116213111
13301116313111
13301116413111
13301116513111
13301117113112
13301117113113
13301117113114
13301117113115
13301117113121
13301117113131
13301117113141
13301117113151
13301117113211
13301117113311
13301117113411
13301117113511
13301117123111
13301117133111
13301117143111
13301117153111
13301117213111
13301117313111
13301117413111
13301117513111
13301136113111
13301137113111
13301141131116
13301141131117
13301141131161
13301141131171
13301141131611
13301141131711
13301141631111
13301141731111
13301146131111
13301147131111
13301161131112
13301161131113
13301161131114
13301161131115
13301161131121
13301161131131
13301161131141
13301161131151
13301161131211
13301161131311
13301161131411
13301161131511
13301161133111
13301161231111
13301161331111
13301161431111
13301161531111
13301162131111
13301163131111
13301164131111
13301165131111
13301171131112
13301171131113
13301171131114
13301171131115
13301171131121
13301171131131
13301171131141
13301171131151
13301171131211
13301171131311
13301171131411
13301171131511
13301171133111
13301171231111
13301171331111
13301171431111
13301171531111
13301172131111
13301173131111
13301174131111
13301175131111
13302181111129
13302181111139
13302181111149
13302181111159
13302181111219
13302181111319
13302181111419
13302181111519
13302181112119
13302181113119
13302181114119
13302181115119
13301181119112
13301181119113
13301181119114
13301181119115
13301181119121
13301181119131
13301181119141
13301181119151
13301181119211
13301181119311
13301181119411
13301181119511
13302181121119
13301181129111
13302181131119
13301181139111
13302181141119
13301181149111
13302181151119
13301181159111
13302181211119
13301181219111
13302181311119
13301181319111
13302181411119
13301181419111
13302181511119
13301181519111
13302182111119
13301182119111
13302183111119
13301183119111
13302184111119
13301184119111
13302185111119
13301185119111
13300189111112
13300189111113
13300189111114
13300189111115
13300189111121
13300189111131
13300189111141
13300189111151
13300189111211
13300189111311
13300189111411
13300189111511
13300189112111
13300189113111
13300189114111
13300189115111
13300189121111
13300189131111
13300189141111
13300189151111
13300189211111
13300189311111
13300189411111
13300189511111
13302191111128
13302191111138
13302191111148
13302191111158
13302191111218
13302191111318
13302191111418
13302191111518
13302191112118
13302191113118
13302191114118
13302191115118
13301191118112
13301191118113
13301191118114
13301191118115
13301191118121
13301191118131
13301191118141
13301191118151
13301191118211
13301191118311
13301191118411
13301191118511
13302191121118
13301191128111
13302191131118
13301191138111
13302191141118
13301191148111
13302191151118
13301191158111
13302191211118
13301191218111
13302191311118
13301191318111
13302191411118
13301191418111
13302191511118
13301191518111
13302192111118
13301192118111
13302193111118
13301193118111
13302194111118
13301194118111
13302195111118
13301195118111
13300198111112
13300198111113
13300198111114
13300198111115
13300198111121
13300198111131
13300198111141
13300198111151
13300198111211
13300198111311
13300198111411
13300198111511
13300198112111
13300198113111
13300198114111
13300198115111
13300198121111
13300198131111
13300198141111
13300198151111
13300198211111
13300198311111
13300198411111
13300198511111
13301316113111
13301317113111
13301361131111
13301371131111
13302381111119
13301381119111
13300389111111
13302391111118
13301391118111
13300398111111
13301411311116
13301411311117
13301411311161
13301411311171
13301411311611
13301411311711
13301416311111
13301417311111
13301461311111
13301471311111
13301711311112
13301711311113
13301711311114
13301711311115
13301711311121
13301711311131
13301711311141
13301711311151
13301711311211
13301711311311
13301711311411
13301711311511
13301711313111
13301711331111
13301712311111
13301713311111
13301714311111
13301715311111
13301721311111
13301731311111
13301741311111
13301751311111
13302811111193
13302811111291
13302811111391
13302811111491
13302811111591
13302811112191
13302811113191
13302811114191
13302811115191
13302811121191
13302811131191
13302811141191
13302811151191
13301811191112
13301811191113
13301811191114
13301811191115
13301811191121
13301811191131
13301811191141
13301811191151
13301811191211
13301811191311
13301811191411
13301811191511
13301811193111
13302811211191
13301811291111
13302811311191
13301811391111
13302811411191
13301811491111
13302811511191
13301811591111
13302812111191
13301812191111
13302813111191
13301813191111
13302814111191
13301814191111
13302815111191
13301815191111
13302821111191
13301821191111
13302831111191
13301831191111
13302841111191
13301841191111
13302851111191
13301851191111
13300891111112
13300891111113
13300891111114
13300891111115
13300891111121
13300891111131
13300891111141
13300891111151
13300891111211
13300891111311
13300891111411
13300891111511
13300891112111
13300891113111
13300891114111
13300891115111
13300891121111
13300891131111
13300891141111
13300891151111
13300891211111
13300891311111
13300891411111
13300891511111
13300893111111
