13322111116189
13322111116198
13322111116891
13322111116981
13322111117189
13322111117198
13322111117891
13322111117981
13321111118196
13321111118197
13321111119186
13321111119187
13321111161156
13321111161157
13322111161189
13322111161198
13322111161891
13322111161981
13321111166115
13321111167115
13321111168191
13321111169181
13321111171156
13321111171157
13322111171189
13322111171198
13322111171891
13322111171981
13321111176115
13321111177115
13321111178191
13321111179181
13321111181916
13321111181917
13321111181961
13321111181971
13321111191816
13321111191817
13321111191861
13321111191871
13322111611189
13322111611198
13321111611516
13321111611517
13321111611561
13321111611571
13322111611891
13322111611981
13321111616115
13321111617115
13321111618191
13321111619181
13321111661151
13321111671151
13321111681911
13321111691811
13322111711189
13322111711198
13321111711516
13321111711517
13321111711561
13321111711571
13322111711891
13322111711981
13321111716115
13321111717115
13321111718191
13321111719181
13321111761151
13321111771151
13321111781911
13321111791811
13322116111189
13322116111198
13322116111891
13322116111981
13321116116115
13321116117115
13321116118191
13321116119181
13321116161151
13321116171151
13321116181911
13321116191811
13321116611511
13321116711511
13322117111189
13322117111198
13322117111891
13322117111981
13321117116115
13321117117115
13321117118191
13321117119181
13321117161151
13321117171151
13321117181911
13321117191811
13321117611511
13321117711511
13320118111196
13320118111197
13320118116191
13320118117191
13320118161191
13320118171191
13320118611191
13320118711191
13320119111186
13320119111187
13320119116181
13320119117181
13320119161181
13320119171181
13320119611181
13320119711181
13322161111189
13322161111198
13322161111891
13322161111981
13321161116115
13321161117115
13321161118191
13321161119181
13321161161151
13321161171151
13321161181911
13321161191811
13321161611511
13321161711511
13320168111191
13320169111181
13322171111189
13322171111198
13322171111891
13322171111981
13321171116115
13321171117115
13321171118191
13321171119181
13321171161151
13321171171151
13321171181911
13321171191811
13321171611511
13321171711511
13320178111191
13320179111181
13320181111916
13320181111917
13320181111961
13320181111971
13320181116911
13320181117911
13320181161911
13320181171911
13320181611911
13320181711911
13320191111816
13320191111817
13320191111861
13320191111871
13320191116811
13320191117811
13320191161811
13320191171811
13320191611811
13320191711811
13322611111189
13322611111198
13322611111891
13322611111981
13321611116115
13321611117115
13321611118191
13321611119181
13321611161151
13321611171151
13321611181911
13321611191811
13321611611511
13321611711511
13320618111191
13320619111181
13320681111911
13320691111811
13322711111189
13322711111198
13322711111891
13322711111981
13321711116115
13321711117115
13321711118191
13321711119181
13321711161151
13321711171151
13321711181911
13321711191811
13321711611511
13321711711511
13320718111191
13320719111181
13320781111911
13320791111811
13312111116163
13312111116173
13312111116613
13312111116713
13312111117163
13312111117173
13312111117613
13312111117713
13312111161631
13312111161731
13312111166131
13312111167131
13312111171631
13312111171731
13312111176131
13312111177131
13312111181169
13312111181179
13312111181619
13312111181719
13312111186119
13312111187119
13311111189116
13311111189117
13311111189161
13311111189171
13311111189611
13311111189711
13312111191168
13312111191178
13312111191618
13312111191718
13312111196118
13312111197118
13311111198116
13311111198117
13311111198161
13311111198171
13311111198611
13311111198711
13312111616311
13312111617311
13312111661311
13312111671311
13312111716311
13312111717311
13312111761311
13312111771311
13312111811691
13312111811791
13312111816191
13312111817191
13312111861191
13312111871191
13311111891116
13311111891117
13311111891161
13311111891171
13311111891611
13311111891711
13312111911681
13312111911781
13312111916181
13312111917181
13312111961181
13312111971181
13311111981116
13311111981117
13311111981161
13311111981171
13311111981611
13311111981711
13310116115116
13310116115117
13310116115161
13310116115171
13310116115611
13310116115711
13312116116113
13312116117113
13312116161131
13312116171131
13312116181119
13311116189111
13312116191118
13311116198111
13312116611311
13312116711311
13312116811191
13311116891111
13312116911181
13311116981111
13310117115116
13310117115117
13310117115161
13310117115171
13310117115611
13310117115711
13312117116113
13312117117113
13312117161131
13312117171131
13312117181119
13311117189111
13312117191118
13311117198111
13312117611311
13312117711311
13312117811191
13311117891111
13312117911181
13311117981111
13310118191116
13310118191117
13310118191161
13310118191171
13310118191611
13310118191711
13310118196111
13310118197111
13310119181116
13310119181117
13310119181161
13310119181171
13310119181611
13310119181711
13310119186111
13310119187111
13312161116113
13312161117113
13310161151116
13310161151117
13310161151161
13310161151171
13310161151611
13310161151711
13310161156111
13310161157111
13312161161131
13312161171131
13312161181119
13311161189111
13312161191118
13311161198111
13312161611311
13312161711311
13312161811191
13311161891111
13312161911181
13311161981111
13310166115111
13310167115111
13310168191111
13310169181111
13312171116113
13312171117113
13310171151116
13310171151117
13310171151161
13310171151171
13310171151611
13310171151711
13310171156111
13310171157111
13312171161131
13312171171131
13312171181119
13311171189111
13312171191118
13311171198111
13312171611311
13312171711311
13312171811191
13311171891111
13312171911181
13311171981111
13310176115111
13310177115111
13310178191111
13310179181111
13310181911116
13310181911117
13310181911161
13310181911171
13310181911611
13310181911711
13310181916111
13310181917111
13310181961111
13310181971111
13310191811116
13310191811117
13310191811161
13310191811171
13310191811611
13310191811711
13310191816111
13310191817111
13310191861111
13310191871111
13312611116113
13312611117113
13312611161131
13312611171131
13312611181119
13311611189111
13312611191118
13311611198111
13310611511116
13310611511117
13310611511161
13310611511171
13310611511611
13310611511711
13310611516111
13310611517111
13310611561111
13310611571111
13312611611311
13312611711311
13312611811191
13311611891111
13312611911181
13311611981111
13310616115111
13310617115111
13310618191111
13310619181111
13310661151111
13310671151111
13310681911111
13310691811111
13312711116113
13312711117113
13312711161131
13312711171131
13312711181119
13311711189111
13312711191118
13311711198111
13310711511116
13310711511117
13310711511161
13310711511171
13310711511611
13310711511711
13310711516111
13310711517111
13310711561111
13310711571111
13312711611311
13312711711311
13312711811191
13311711891111
13312711911181
13311711981111
13310716115111
13310717115111
13310718191111
13310719181111
13310761151111
13310771151111
13310781911111
13310791811111
13301116113116
13301116113117
13301116113161
13301116113171
13301116113611
13301116113711
13301116163111
13301116173111
13301116613111
13301116713111
13301117113116
13301117113117
13301117113161
13301117113171
13301117113611
13301117113711
13301117163111
13301117173111
13301117613111
13301117713111
13301161131116
13301161131117
13301161131161
13301161131171
13301161131611
13301161131711
13301161631111
13301161731111
13301166131111
13301167131111
13301171131116
13301171131117
13301171131161
13301171131171
13301171131611
13301171131711
13301171631111
13301171731111
13301176131111
13301177131111
13302181111169
13302181111179
13302181111619
13302181111719
13302181116119
13302181117119
13301181119116
13301181119117
13301181119161
13301181119171
13301181119611
13301181119711
13302181161119
13301181169111
13302181171119
13301181179111
13302181611119
13301181619111
13302181711119
13301181719111
13302186111119
13301186119111
13302187111119
13301187119111
13300189111116
13300189111117
13300189111161
13300189111171
13300189111611
13300189111711
13300189116111
13300189117111
13300189161111
13300189171111
13300189611111
13300189711111
13302191111168
13302191111178
13302191111618
13302191111718
13302191116118
13302191117118
13301191118116
13301191118117
13301191118161
13301191118171
13301191118611
13301191118711
13302191161118
13301191168111
13302191171118
13301191178111
13302191611118
13301191618111
13302191711118
13301191718111
13302196111118
13301196118111
13302197111118
13301197118111
13300198111116
13300198111117
13300198111161
13300198111171
13300198111611
13300198111711
13300198116111
13300198117111
13300198161111
13300198171111
13300198611111
13300198711111
13301711311116
13301711311117
13301711311161
13301711311171
13301711311611
13301711311711
13301716311111
13301717311111
13301761311111
13301771311111
13302811111691
13302811111791
13302811116191
13302811117191
13302811161191
13302811171191
13301811191116
13301811191117
13301811191161
13301811191171
13301811191611
13301811191711
13302811611191
13301811691111
13302811711191
13301811791111
13302816111191
13301816191111
13302817111191
13301817191111
13302861111191
13301861191111
13302871111191
13301871191111
13300891111116
13300891111117
13300891111161
13300891111171
13300891111611
13300891111711
13300891116111
13300891117111
13300891161111
13300891171111
13300891611111
13300891711111
