13321111118139
13321111118319
13321111119138
13321111119318
13321111128119
13321111129118
13321111138119
13321111139118
13321111148119
13321111149118
13321111158119
13321111159118
13321111181192
13321111181193
13321111181194
13321111181195
13321111181391
13321111183191
13322111189113
13322111189131
13322111189311
13321111191182
13321111191183
13321111191184
13321111191185
13321111191381
13321111193181
13322111198113
13322111198131
13322111198311
13321111218119
13321111219118
13321111281191
13322111289111
13321111291181
13322111298111
13321111318119
13321111319118
13321111381191
13322111389111
13321111391181
13322111398111
13321111418119
13321111419118
13321111481191
13322111489111
13321111491181
13322111498111
13321111518119
13321111519118
13321111581191
13322111589111
13321111591181
13322111598111
13321111811912
13321111811913
13321111811914
13321111811915
13321111811921
13321111811931
13321111811941
13321111811951
13321111813911
13322111819113
13322111819131
13322111819311
13322111829111
13321111831911
13322111839111
13322111849111
13322111859111
13322111891113
13322111891131
13322111891311
13322111892111
13322111893111
13322111894111
13322111895111
13321111911812
13321111911813
13321111911814
13321111911815
13321111911821
13321111911831
13321111911841
13321111911851
13321111913811
13322111918113
13322111918131
13322111918311
13322111928111
13321111931811
13322111938111
13322111948111
13322111958111
13322111981113
13322111981131
13322111981311
13322111982111
13322111983111
13322111984111
13322111985111
13321112118119
13321112119118
13321112181191
13322112189111
13321112191181
13322112198111
13321112811911
13322112819111
13322112891111
13321112911811
13322112918111
13322112981111
13321113118119
13321113119118
13320113161115
13320113171115
13321113181191
13322113189111
13321113191181
13322113198111
13320113611115
13320113711115
13321113811911
13322113819111
13322113891111
13321113911811
13322113918111
13322113981111
13321114118119
13321114119118
13321114181191
13322114189111
13321114191181
13322114198111
13321114811911
13322114819111
13322114891111
13321114911811
13322114918111
13322114981111
13321115118119
13321115119118
13321115181191
13322115189111
13321115191181
13322115198111
13321115811911
13322115819111
13322115891111
13321115911811
13322115918111
13322115981111
13320116111135
13320116111315
13320116115115
13320116121115
13320116131115
13320116141115
13320116151115
13320116211115
13320116311115
13320116411115
13320116511115
13320117111135
13320117111315
13320117115115
13320117121115
13320117131115
13320117141115
13320117151115
13320117211115
13320117311115
13320117411115
13320117511115
13320118111139
13320118111319
13320118112119
13320118113119
13320118114119
13320118115119
13322118119113
13322118119131
13322118119311
13320118121119
13322118129111
13320118131119
13322118139111
13320118141119
13322118149111
13320118151119
13322118159111
13322118191113
13322118191131
13322118191311
13322118192111
13322118193111
13322118194111
13322118195111
13320118211119
13322118219111
13322118291111
13320118311119
13322118319111
13322118391111
13320118411119
13322118419111
13322118491111
13320118511119
13322118519111
13322118591111
13322118911113
13322118911131
13322118911311
13322118912111
13322118913111
13322118914111
13322118915111
13322118921111
13322118931111
13322118941111
13322118951111
13320119111138
13320119111318
13320119112118
13320119113118
13320119114118
13320119115118
13322119118113
13322119118131
13322119118311
13320119121118
13322119128111
13320119131118
13322119138111
13320119141118
13322119148111
13320119151118
13322119158111
13322119181113
13322119181131
13322119181311
13322119182111
13322119183111
13322119184111
13322119185111
13320119211118
13322119218111
13322119281111
13320119311118
13322119318111
13322119381111
13320119411118
13322119418111
13322119481111
13320119511118
13322119518111
13322119581111
13322119811113
13322119811131
13322119811311
13322119812111
13322119813111
13322119814111
13322119815111
13322119821111
13322119831111
13322119841111
13322119851111
13321121118119
13321121119118
13321121181191
13322121189111
13321121191181
13322121198111
13321121811911
13322121819111
13322121891111
13321121911811
13322121918111
13322121981111
13320126111115
13320127111115
13320128111119
13322128119111
13322128191111
13322128911111
13320129111118
13322129118111
13322129181111
13322129811111
13320131111156
13320131111157
13320131116151
13320131117151
13321131118119
13321131119118
13321131181191
13322131189111
13321131191181
13322131198111
13320131611151
13320131711151
13321131811911
13322131819111
13322131891111
13321131911811
13322131918111
13322131981111
13320136111115
13320137111115
13320138111119
13322138119111
13322138191111
13322138911111
13320139111118
13322139118111
13322139181111
13322139811111
13321141118119
13321141119118
13321141181191
13322141189111
13321141191181
13322141198111
13321141811911
13322141819111
13322141891111
13321141911811
13322141918111
13322141981111
13320146111115
13320147111115
13320148111119
13322148119111
13322148191111
13322148911111
13320149111118
13322149118111
13322149181111
13322149811111
13321151118119
13321151119118
13321151181191
13322151189111
13321151191181
13322151198111
13321151811911
13322151819111
13322151891111
13321151911811
13322151918111
13322151981111
13320156111115
13320157111115
13320158111119
13322158119111
13322158191111
13322158911111
13320159111118
13322159118111
13322159181111
13322159811111
13320161111152
13320161111153
13320161111154
13320161111155
13320161111351
13320161112151
13320161113151
13320161114151
13320161115151
13320161151151
13320161211151
13320161311151
13320161411151
13320161511151
13320163111115
13320163111151
13320171111152
13320171111153
13320171111154
13320171111155
13320171111351
13320171112151
13320171113151
13320171114151
13320171115151
13320171151151
13320171211151
13320171311151
13320171411151
13320171511151
13320173111115
13320173111151
13320181111192
13320181111193
13320181111194
13320181111195
13320181111391
13320181112191
13320181113191
13320181114191
13320181115191
13322181119113
13322181119131
13322181119311
13320181121191
13322181129111
13320181131191
13322181139111
13320181141191
13322181149111
13320181151191
13322181159111
13322181191113
13322181191131
13322181191311
13322181192111
13322181193111
13322181194111
13322181195111
13320181211191
13322181219111
13322181291111
13320181311191
13322181319111
13322181391111
13320181411191
13322181419111
13322181491111
13320181511191
13322181519111
13322181591111
13322181911113
13322181911131
13322181911311
13322181912111
13322181913111
13322181914111
13322181915111
13322181921111
13322181931111
13322181941111
13322181951111
13322182119111
13322182191111
13322182911111
13320183111191
13322183119111
13322183191111
13322183911111
13322184119111
13322184191111
13322184911111
13322185119111
13322185191111
13322185911111
13322189111113
13322189111131
13322189111311
13322189112111
13322189113111
13322189114111
13322189115111
13322189121111
13322189131111
13322189141111
13322189151111
13322189211111
13322189311111
13322189411111
13322189511111
13320191111182
13320191111183
13320191111184
13320191111185
13320191111381
13320191112181
13320191113181
13320191114181
13320191115181
13322191118113
13322191118131
13322191118311
13320191121181
13322191128111
13320191131181
13322191138111
13320191141181
13322191148111
13320191151181
13322191158111
13322191181113
13322191181131
13322191181311
13322191182111
13322191183111
13322191184111
13322191185111
13320191211181
13322191218111
13322191281111
13320191311181
13322191318111
13322191381111
13320191411181
13322191418111
13322191481111
13320191511181
13322191518111
13322191581111
13322191811113
13322191811131
13322191811311
13322191812111
13322191813111
13322191814111
13322191815111
13322191821111
13322191831111
13322191841111
13322191851111
13322192118111
13322192181111
13322192811111
13320193111181
13322193118111
13322193181111
13322193811111
13322194118111
13322194181111
13322194811111
13322195118111
13322195181111
13322195811111
13322198111113
13322198111131
13322198111311
13322198112111
13322198113111
13322198114111
13322198115111
13322198121111
13322198131111
13322198141111
13322198151111
13322198211111
13322198311111
13322198411111
13322198511111
13321211118119
13321211119118
13321211181191
13322211189111
13321211191181
13322211198111
13321211811911
13322211819111
13322211891111
13321211911811
13322211918111
13322211981111
13320216111115
13320217111115
13320218111119
13322218119111
13322218191111
13322218911111
13320219111118
13322219118111
13322219181111
13322219811111
13320261111151
13320271111151
13320281111191
13322281119111
13322281191111
13322281911111
13322289111111
13320291111181
13322291118111
13322291181111
13322291811111
13322298111111
13320311111516
13320311111517
13320311111561
13320311111571
13320311116511
13320311117511
13321311118119
13321311119118
13320311161511
13320311171511
13321311181191
13322311189111
13321311191181
13322311198111
13321311811911
13322311819111
13322311891111
13321311911811
13322311918111
13322311981111
13320316111115
13320317111115
13320318111119
13322318119111
13322318191111
13322318911111
13320319111118
13322319118111
13322319181111
13322319811111
13320361111151
13320371111151
13320381111191
13322381119111
13322381191111
13322381911111
13322389111111
13320391111181
13322391118111
13322391181111
13322391811111
13322398111111
13321411118119
13321411119118
13321411181191
13322411189111
13321411191181
13322411198111
13321411811911
13322411819111
13322411891111
13321411911811
13322411918111
13322411981111
13320416111115
13320417111115
13320418111119
13322418119111
13322418191111
13322418911111
13320419111118
13322419118111
13322419181111
13322419811111
13320461111151
13320471111151
13320481111191
13322481119111
13322481191111
13322481911111
13322489111111
13320491111181
13322491118111
13322491181111
13322491811111
13322498111111
13321511118119
13321511119118
13321511181191
13322511189111
13321511191181
13322511198111
13321511811911
13322511819111
13322511891111
13321511911811
13322511918111
13322511981111
13320516111115
13320517111115
13320518111119
13322518119111
13322518191111
13322518911111
13320519111118
13322519118111
13322519181111
13322519811111
13320561111151
13320571111151
13320581111191
13322581119111
13322581191111
13322581911111
13322589111111
13320591111181
13322591118111
13322591181111
13322591811111
13322598111111
13320611111512
13320611111513
13320611111514
13320611111515
13320611111521
13320611111531
13320611111541
13320611111551
13320611112511
13320611113511
13320611114511
13320611115511
13320611121511
13320611131511
13320611141511
13320611151511
13320611511511
13320613111115
13320613111511
13320631111151
13320631111511
13320711111512
13320711111513
13320711111514
13320711111515
13320711111521
13320711111531
13320711111541
13320711111551
13320711112511
13320711113511
13320711114511
13320711115511
13320711121511
13320711131511
13320711141511
13320711151511
13320711511511
13320713111115
13320713111511
13320731111151
13320731111511
13320811111912
13320811111913
13320811111914
13320811111915
13320811111921
13320811111931
13320811111941
13320811111951
13320811112911
13320811113911
13320811114911
13320811115911
13322811119113
13322811119131
13322811119311
13320811121911
13322811129111
13320811131911
13322811139111
13320811141911
13322811149111
13320811151911
13322811159111
13322811191113
13322811191131
13322811191311
13322811192111
13322811193111
13322811194111
13322811195111
13320811211911
13322811219111
13322811291111
13320811311911
13322811319111
13322811391111
13320811411911
13322811419111
13322811491111
13320811511911
13322811519111
13322811591111
13322811911113
13322811911131
13322811911311
13322811912111
13322811913111
13322811914111
13322811915111
13322811921111
13322811931111
13322811941111
13322811951111
13322812119111
13322812191111
13322812911111
13320813111911
13322813119111
13322813191111
13322813911111
13322814119111
13322814191111
13322814911111
13322815119111
13322815191111
13322815911111
13322819111113
13322819111131
13322819111311
13322819112111
13322819113111
13322819114111
13322819115111
13322819121111
13322819131111
13322819141111
13322819151111
13322819211111
13322819311111
13322819411111
13322819511111
13322821119111
13322821191111
13322821911111
13322829111111
13320831111911
13322831119111
13322831191111
13322831911111
13322839111111
13322841119111
13322841191111
13322841911111
13322849111111
13322851119111
13322851191111
13322851911111
13322859111111
13322891111113
13322891111131
13322891111311
13322891112111
13322891113111
13322891114111
13322891115111
13322891121111
13322891131111
13322891141111
13322891151111
13322891211111
13322891311111
13322891411111
13322891511111
13322892111111
13322893111111
13322894111111
13322895111111
13311111111289
13311111111298
13311111111389
13311111111398
13311111111489
13311111111498
13311111111589
13311111111598
13311111111829
13311111111839
13311111111849
13311111111859
13311111111892
13311111111893
13311111111894
13311111111895
13311111111928
13311111111938
13311111111948
13311111111958
13311111111982
13311111111983
13311111111984
13311111111985
13311111113189
13311111113198
13311111113819
13311111113891
13311111113918
13311111113981
13311111116125
13311111116135
13311111116145
13311111116155
13311111116215
13311111116315
13311111116415
13311111116515
13311111117125
13311111117135
13311111117145
13311111117155
13311111117215
13311111117315
13311111117415
13311111117515
13312111118129
13312111118139
13312111118149
13312111118159
13312111118219
13312111118319
13312111118419
13312111118519
13312111119128
13312111119138
13312111119148
13312111119158
13312111119218
13312111119318
13312111119418
13312111119518
13311111131189
13311111131198
13311111131819
13311111131891
13311111131918
13311111131981
13311111136115
13311111137115
13312111138119
13312111139118
13311111161152
13311111161153
13311111161154
13311111161155
13311111161251
13311111161351
13311111161451
13311111161551
13311111163151
13311111171152
13311111171153
13311111171154
13311111171155
13311111171251
13311111171351
13311111171451
13311111171551
13311111173151
13312111181193
13312111181291
13312111181391
13312111181491
13312111181591
13312111182191
13312111183191
13312111184191
13312111185191
13312111191183
13312111191281
13312111191381
13312111191481
13312111191581
13312111192181
13312111193181
13312111194181
13312111195181
13311111311189
13311111311198
13311111311819
13311111311891
13311111311918
13311111311981
13311111316115
13311111317115
13312111318119
13312111319118
13311111361151
13311111371151
13312111381191
13312111391181
13311111611512
13311111611513
13311111611514
13311111611515
13311111611521
13311111611531
13311111611541
13311111611551
13311111613511
13311111631511
13311111711512
13311111711513
13311111711514
13311111711515
13311111711521
13311111711531
13311111711541
13311111711551
13311111713511
13311111731511
13312111811913
13312111811931
13312111812911
13312111813911
13312111814911
13312111815911
13312111821911
13312111831911
13312111841911
13312111851911
13312111911813
13312111911831
13312111912811
13312111913811
13312111914811
13312111915811
13312111921811
13312111931811
13312111941811
13312111951811
13311112111189
13311112111198
13311112111819
13311112111891
13311112111918
13311112111981
13311112116115
13311112117115
13312112118119
13312112119118
13311112161151
13311112171151
13312112181191
13312112191181
13311112611511
13311112711511
13312112811911
13312112911811
13311113111189
13311113111198
13311113111819
13311113111891
13311113111918
13311113111981
13311113116115
13311113117115
13312113118119
13312113119118
13311113161151
13311113171151
13312113181191
13312113191181
13311113611511
13311113711511
13312113811911
13312113911811
13311114111189
13311114111198
13311114111819
13311114111891
13311114111918
13311114111981
13311114116115
13311114117115
13312114118119
13312114119118
13311114161151
13311114171151
13312114181191
13312114191181
13311114611511
13311114711511
13312114811911
13312114911811
13311115111189
13311115111198
13311115111819
13311115111891
13311115111918
13311115111981
13311115116115
13311115117115
13312115118119
13312115119118
13311115161151
13311115171151
13312115181191
13312115191181
13311115611511
13311115711511
13312115811911
13312115911811
13311118111129
13311118111139
13311118111149
13311118111159
13311118111192
13311118111193
13311118111194
13311118111195
13311118111219
13311118111291
13311118111319
13311118111391
13311118111419
13311118111491
13311118111519
13311118111591
13311118111912
13311118111913
13311118111914
13311118111915
13311118111921
13311118111931
13311118111941
13311118111951
13311118113119
13311118113191
13311118113911
13310118119112
13310118119113
13310118119114
13310118119115
13310118119121
13310118119131
13310118119141
13310118119151
13310118119211
13310118119311
13310118119411
13310118119511
13311118131119
13311118131191
13311118131911
13310118139111
13311118311119
13311118311191
13311118311911
13310118319111
13311119111128
13311119111138
13311119111148
13311119111158
13311119111182
13311119111183
13311119111184
13311119111185
13311119111218
13311119111281
13311119111318
13311119111381
13311119111418
13311119111481
13311119111518
13311119111581
13311119111812
13311119111813
13311119111814
13311119111815
13311119111821
13311119111831
13311119111841
13311119111851
13311119113118
13311119113181
13311119113811
13310119118112
13310119118113
13310119118114
13310119118115
13310119118121
13310119118131
13310119118141
13310119118151
13310119118211
13310119118311
13310119118411
13310119118511
13311119131118
13311119131181
13311119131811
13310119138111
13311119311118
13311119311181
13311119311811
13310119318111
13311121111189
13311121111198
13311121111819
13311121111891
13311121111918
13311121111981
13311121116115
13311121117115
13312121118119
13312121119118
13311121161151
13311121171151
13312121181191
13312121191181
13311121611511
13311121711511
13312121811911
13312121911811
13311128111119
13311128111191
13311128111911
13310128119111
13311129111118
13311129111181
13311129111811
13310129118111
13311131111189
13311131111198
13311131111819
13311131111891
13311131111918
13311131111981
13311131116115
13311131117115
13312131118119
13312131119118
13311131161151
13311131171151
13312131181191
13312131191181
13311131611511
13311131711511
13312131811911
13312131911811
13311138111119
13311138111191
13311138111911
13310138119111
13311139111118
13311139111181
13311139111811
13310139118111
13311141111189
13311141111198
13311141111819
13311141111891
13311141111918
13311141111981
13311141116115
13311141117115
13312141118119
13312141119118
13311141161151
13311141171151
13312141181191
13312141191181
13311141611511
13311141711511
13312141811911
13312141911811
13311148111119
13311148111191
13311148111911
13310148119111
13311149111118
13311149111181
13311149111811
13310149118111
13311151111189
13311151111198
13311151111819
13311151111891
13311151111918
13311151111981
13311151116115
13311151117115
13312151118119
13312151119118
13311151161151
13311151171151
13312151181191
13312151191181
13311151611511
13311151711511
13312151811911
13312151911811
13311158111119
13311158111191
13311158111911
13310158119111
13311159111118
13311159111181
13311159111811
13310159118111
13311181111129
13311181111139
13311181111149
13311181111159
13311181111192
13311181111193
13311181111194
13311181111195
13311181111219
13311181111291
13311181111319
13311181111391
13311181111419
13311181111491
13311181111519
13311181111591
13311181111912
13311181111913
13311181111914
13311181111915
13311181111921
13311181111931
13311181111941
13311181111951
13311181113119
13311181113191
13311181113911
13311181131119
13311181131191
13311181131911
13310181191112
13310181191113
13310181191114
13310181191115
13310181191121
13310181191131
13310181191141
13310181191151
13310181191211
13310181191311
13310181191411
13310181191511
13310181192111
13310181193111
13310181194111
13310181195111
13311181311119
13311181311191
13311181311911
13310181391111
13311182111119
13311182111191
13311182111911
13311183111119
13311183111191
13311183111911
13310183191111
13311184111119
13311184111191
13311184111911
13311185111119
13311185111191
13311185111911
13311189111112
13311189111113
13311189111114
13311189111115
13311189111121
13311189111131
13311189111141
13311189111151
13311189111211
13311189111311
13311189111411
13311189111511
13311189113111
13311189131111
13311189311111
13311191111128
13311191111138
13311191111148
13311191111158
13311191111182
13311191111183
13311191111184
13311191111185
13311191111218
13311191111281
13311191111318
13311191111381
13311191111418
13311191111481
13311191111518
13311191111581
13311191111812
13311191111813
13311191111814
13311191111815
13311191111821
13311191111831
13311191111841
13311191111851
13311191113118
13311191113181
13311191113811
13311191131118
13311191131181
13311191131811
13310191181112
13310191181113
13310191181114
13310191181115
13310191181121
13310191181131
13310191181141
13310191181151
13310191181211
13310191181311
13310191181411
13310191181511
13310191182111
13310191183111
13310191184111
13310191185111
13311191311118
13311191311181
13311191311811
13310191381111
13311192111118
13311192111181
13311192111811
13311193111118
13311193111181
13311193111811
13310193181111
13311194111118
13311194111181
13311194111811
13311195111118
13311195111181
13311195111811
13311198111112
13311198111113
13311198111114
13311198111115
13311198111121
13311198111131
13311198111141
13311198111151
13311198111211
13311198111311
13311198111411
13311198111511
13311198113111
13311198131111
13311198311111
13311211111189
13311211111198
13311211111819
13311211111891
13311211111918
13311211111981
13311211116115
13311211117115
13312211118119
13312211119118
13311211161151
13311211171151
13312211181191
13312211191181
13311211611511
13311211711511
13312211811911
13312211911811
13311218111119
13311218111191
13311218111911
13310218119111
13311219111118
13311219111181
13311219111811
13310219118111
13311281111119
13311281111191
13311281111911
13310281191111
13311289111111
13311291111118
13311291111181
13311291111811
13310291181111
13311298111111
13311311111189
13311311111198
13311311111819
13311311111891
13311311111918
13311311111981
13311311116115
13311311117115
13312311118119
13312311119118
13311311161151
13311311171151
13312311181191
13312311191181
13311311611511
13311311711511
13312311811911
13312311911811
13311318111119
13311318111191
13311318111911
13310318119111
13311319111118
13311319111181
13311319111811
13310319118111
13311381111119
13311381111191
13311381111911
13310381191111
13311389111111
13311391111118
13311391111181
13311391111811
13310391181111
13311398111111
13311411111189
13311411111198
13311411111819
13311411111891
13311411111918
13311411111981
13311411116115
13311411117115
13312411118119
13312411119118
13311411161151
13311411171151
13312411181191
13312411191181
13311411611511
13311411711511
13312411811911
13312411911811
13311418111119
13311418111191
13311418111911
13310418119111
13311419111118
13311419111181
13311419111811
13310419118111
13311481111119
13311481111191
13311481111911
13310481191111
13311489111111
13311491111118
13311491111181
13311491111811
13310491181111
13311498111111
13311511111189
13311511111198
13311511111819
13311511111891
13311511111918
13311511111981
13311511116115
13311511117115
13312511118119
13312511119118
13311511161151
13311511171151
13312511181191
13312511191181
13311511611511
13311511711511
13312511811911
13312511911811
13311518111119
13311518111191
13311518111911
13310518119111
13311519111118
13311519111181
13311519111811
13310519118111
13311581111119
13311581111191
13311581111911
13310581191111
13311589111111
13311591111118
13311591111181
13311591111811
13310591181111
13311598111111
13311811111129
13311811111139
13311811111149
13311811111159
13311811111192
13311811111193
13311811111194
13311811111195
13311811111219
13311811111291
13311811111319
13311811111391
13311811111419
13311811111491
13311811111519
13311811111591
13311811111912
13311811111913
13311811111914
13311811111915
13311811111921
13311811111931
13311811111941
13311811111951
13311811113119
13311811113191
13311811113911
13311811131119
13311811131191
13311811131911
13311811311119
13311811311191
13311811311911
13310811911112
13310811911113
13310811911114
13310811911115
13310811911121
13310811911131
13310811911141
13310811911151
13310811911211
13310811911311
13310811911411
13310811911511
13310811912111
13310811913111
13310811914111
13310811915111
13310811921111
13310811931111
13310811941111
13310811951111
13311812111119
13311812111191
13311812111911
13311813111119
13311813111191
13311813111911
13310813911111
13311814111119
13311814111191
13311814111911
13311815111119
13311815111191
13311815111911
13311819111112
13311819111113
13311819111114
13311819111115
13311819111121
13311819111131
13311819111141
13311819111151
13311819111211
13311819111311
13311819111411
13311819111511
13311819113111
13311819131111
13311819311111
13311821111119
13311821111191
13311821111911
13311829111111
13311831111119
13311831111191
13311831111911
13310831911111
13311839111111
13311841111119
13311841111191
13311841111911
13311849111111
13311851111119
13311851111191
13311851111911
13311859111111
13311891111112
13311891111113
13311891111114
13311891111115
13311891111121
13311891111131
13311891111141
13311891111151
13311891111211
13311891111311
13311891111411
13311891111511
13311891113111
13311891131111
13311891311111
13311892111111
13311893111111
13311894111111
13311895111111
13300111111289
13300111111298
13300111111389
13300111111398
13300111111489
13300111111498
13300111111589
13300111111598
13300111111829
13300111111839
13300111111849
13300111111859
13300111111892
13300111111893
13300111111894
13300111111895
13300111111928
13300111111938
13300111111948
13300111111958
13300111111982
13300111111983
13300111111984
13300111111985
13300111112189
13300111112198
13300111112819
13300111112891
13300111112918
13300111112981
13300111113189
13300111113198
13300111113819
13300111113891
13300111113918
13300111113981
13300111114189
13300111114198
13300111114819
13300111114891
13300111114918
13300111114981
13300111115189
13300111115198
13300111115819
13300111115891
13300111115918
13300111115981
13300111118129
13300111118139
13300111118149
13300111118159
13300111118192
13300111118193
13300111118194
13300111118195
13300111118219
13300111118291
13300111118319
13300111118391
13300111118419
13300111118491
13300111118519
13300111118591
13300111118912
13300111118913
13300111118914
13300111118915
13300111118921
13300111118931
13300111118941
13300111118951
13300111119128
13300111119138
13300111119148
13300111119158
13300111119182
13300111119183
13300111119184
13300111119185
13300111119218
13300111119281
13300111119318
13300111119381
13300111119418
13300111119481
13300111119518
13300111119581
13300111119812
13300111119813
13300111119814
13300111119815
13300111119821
13300111119831
13300111119841
13300111119851
13300111121189
13300111121198
13300111121819
13300111121891
13300111121918
13300111121981
13300111128119
13300111128191
13300111128911
13300111129118
13300111129181
13300111129811
13300111131189
13300111131198
13300111131819
13300111131891
13300111131918
13300111131981
13300111138119
13300111138191
13300111138911
13300111139118
13300111139181
13300111139811
13300111141189
13300111141198
13300111141819
13300111141891
13300111141918
13300111141981
13300111148119
13300111148191
13300111148911
13300111149118
13300111149181
13300111149811
13300111151189
13300111151198
13300111151819
13300111151891
13300111151918
13300111151981
13300111158119
13300111158191
13300111158911
13300111159118
13300111159181
13300111159811
13300111181129
13300111181139
13300111181149
13300111181159
13300111181192
13300111181193
13300111181194
13300111181195
13300111181219
13300111181291
13300111181319
13300111181391
13300111181419
13300111181491
13300111181519
13300111181591
13300111181912
13300111181913
13300111181914
13300111181915
13300111181921
13300111181931
13300111181941
13300111181951
13300111182119
13300111182191
13300111182911
13300111183119
13300111183191
13300111183911
13300111184119
13300111184191
13300111184911
13300111185119
13300111185191
13300111185911
13300111189112
13300111189113
13300111189114
13300111189115
13300111189121
13300111189131
13300111189141
13300111189151
13300111189211
13300111189311
13300111189411
13300111189511
13300111191128
13300111191138
13300111191148
13300111191158
13300111191182
13300111191183
13300111191184
13300111191185
13300111191218
13300111191281
13300111191318
13300111191381
13300111191418
13300111191481
13300111191518
13300111191581
13300111191812
13300111191813
13300111191814
13300111191815
13300111191821
13300111191831
13300111191841
13300111191851
13300111192118
13300111192181
13300111192811
13300111193118
13300111193181
13300111193811
13300111194118
13300111194181
13300111194811
13300111195118
13300111195181
13300111195811
13300111198112
13300111198113
13300111198114
13300111198115
13300111198121
13300111198131
13300111198141
13300111198151
13300111198211
13300111198311
13300111198411
13300111198511
13300111211189
13300111211198
13300111211819
13300111211891
13300111211918
13300111211981
13300111218119
13300111218191
13300111218911
13300111219118
13300111219181
13300111219811
13300111281119
13300111281191
13300111281911
13300111289111
13300111291118
13300111291181
13300111291811
13300111298111
13300111311189
13300111311198
13300111311819
13300111311891
13300111311918
13300111311981
13300111318119
13300111318191
13300111318911
13300111319118
13300111319181
13300111319811
13300111381119
13300111381191
13300111381911
13300111389111
13300111391118
13300111391181
13300111391811
13300111398111
13300111411189
13300111411198
13300111411819
13300111411891
13300111411918
13300111411981
13300111418119
13300111418191
13300111418911
13300111419118
13300111419181
13300111419811
13300111481119
13300111481191
13300111481911
13300111489111
13300111491118
13300111491181
13300111491811
13300111498111
13300111511189
13300111511198
13300111511819
13300111511891
13300111511918
13300111511981
13300111518119
13300111518191
13300111518911
13300111519118
13300111519181
13300111519811
13300111581119
13300111581191
13300111581911
13300111589111
13300111591118
13300111591181
13300111591811
13300111598111
13300111811129
13300111811139
13300111811149
13300111811159
13300111811192
13300111811193
13300111811194
13300111811195
13300111811219
13300111811291
13300111811319
13300111811391
13300111811419
13300111811491
13300111811519
13300111811591
13300111811912
13300111811913
13300111811914
13300111811915
13300111811921
13300111811931
13300111811941
13300111811951
13300111812119
13300111812191
13300111812911
13300111813119
13300111813191
13300111813911
13300111814119
13300111814191
13300111814911
13300111815119
13300111815191
13300111815911
13300111819112
13300111819113
13300111819114
13300111819115
13300111819121
13300111819131
13300111819141
13300111819151
13300111819211
13300111819311
13300111819411
13300111819511
13300111821119
13300111821191
13300111821911
13300111829111
13300111831119
13300111831191
13300111831911
13300111839111
13300111841119
13300111841191
13300111841911
13300111849111
13300111851119
13300111851191
13300111851911
13300111859111
13300111891112
13300111891113
13300111891114
13300111891115
13300111891121
13300111891131
13300111891141
13300111891151
13300111891211
13300111891311
13300111891411
13300111891511
13300111892111
13300111893111
13300111894111
13300111895111
13300111911128
13300111911138
13300111911148
13300111911158
13300111911182
13300111911183
13300111911184
13300111911185
13300111911218
13300111911281
13300111911318
13300111911381
13300111911418
13300111911481
13300111911518
13300111911581
13300111911812
13300111911813
13300111911814
13300111911815
13300111911821
13300111911831
13300111911841
13300111911851
13300111912118
13300111912181
13300111912811
13300111913118
13300111913181
13300111913811
13300111914118
13300111914181
13300111914811
13300111915118
13300111915181
13300111915811
13300111918112
13300111918113
13300111918114
13300111918115
13300111918121
13300111918131
13300111918141
13300111918151
13300111918211
13300111918311
13300111918411
13300111918511
13300111921118
13300111921181
13300111921811
13300111928111
13300111931118
13300111931181
13300111931811
13300111938111
13300111941118
13300111941181
13300111941811
13300111948111
13300111951118
13300111951181
13300111951811
13300111958111
13300111981112
13300111981113
13300111981114
13300111981115
13300111981121
13300111981131
13300111981141
13300111981151
13300111981211
13300111981311
13300111981411
13300111981511
13300111982111
13300111983111
13300111984111
13300111985111
13300113111189
13300113111198
13300113111819
13300113111891
13300113111918
13300113111981
13300113118119
13300113118191
13300113118911
13300113119118
13300113119181
13300113119811
13300113181119
13300113181191
13300113181911
13300113189111
13300113191118
13300113191181
13300113191811
13300113198111
13300113811119
13300113811191
13300113811911
13300113819111
13300113891111
13300113911118
13300113911181
13300113911811
13300113918111
13300113981111
13302114111163
13302114111173
13302114111613
13302114111713
13302114161113
13302114171113
13302114611113
13302114711113
13302116111123
13302116111133
13302116111143
13302116111153
13302116111213
13302116111313
13302116111413
13302116111513
13302116114113
13300116115112
13300116115113
13300116115114
13300116115115
13300116115121
13300116115131
13300116115141
13300116115151
13300116115211
13300116115311
13300116115411
13300116115511
13302116121113
13300116125111
13302116131113
13300116135111
13302116141113
13300116145111
13302116151113
13300116155111
13302116211113
13300116215111
13302116311113
13300116315111
13302116411113
13300116415111
13302116511113
13300116515111
13302117111123
13302117111133
13302117111143
13302117111153
13302117111213
13302117111313
13302117111413
13302117111513
13302117114113
13300117115112
13300117115113
13300117115114
13300117115115
13300117115121
13300117115131
13300117115141
13300117115151
13300117115211
13300117115311
13300117115411
13300117115511
13302117121113
13300117125111
13302117131113
13300117135111
13302117141113
13300117145111
13302117151113
13300117155111
13302117211113
13300117215111
13302117311113
13300117315111
13302117411113
13300117415111
13302117511113
13300117515111
13302118111129
13302118111139
13302118111149
13302118111159
13302118111219
13302118111319
13302118111419
13302118111519
13302118112119
13302118113119
13302118114119
13302118115119
13301118119112
13301118119113
13301118119114
13301118119115
13301118119121
13301118119131
13301118119141
13301118119151
13301118119211
13301118119311
13301118119411
13301118119511
13302118121119
13301118129111
13302118131119
13301118139111
13302118141119
13301118149111
13302118151119
13301118159111
13302118211119
13301118219111
13302118311119
13301118319111
13302118411119
13301118419111
13302118511119
13301118519111
13302119111128
13302119111138
13302119111148
13302119111158
13302119111218
13302119111318
13302119111418
13302119111518
13302119112118
13302119113118
13302119114118
13302119115118
13301119118112
13301119118113
13301119118114
13301119118115
13301119118121
13301119118131
13301119118141
13301119118151
13301119118211
13301119118311
13301119118411
13301119118511
13302119121118
13301119128111
13302119131118
13301119138111
13302119141118
13301119148111
13302119151118
13301119158111
13302119211118
13301119218111
13302119311118
13301119318111
13302119411118
13301119418111
13302119511118
13301119518111
13300131111189
13300131111198
13300131111819
13300131111891
13300131111918
13300131111981
13300131118119
13300131118191
13300131118911
13300131119118
13300131119181
13300131119811
13300131181119
13300131181191
13300131181911
13300131189111
13300131191118
13300131191181
13300131191811
13300131198111
13300131811119
13300131811191
13300131811911
13300131819111
13300131891111
13300131911118
13300131911181
13300131911811
13300131918111
13300131981111
13302136111113
13300136115111
13302137111113
13300137115111
13302138111119
13301138119111
13302139111118
13301139118111
13302141111631
13302141111731
13302141116131
13302141117131
13302141611131
13302141711131
13302146111131
13302147111131
13302161111133
13302161111231
13302161111331
13302161111431
13302161111531
13302161112131
13302161113131
13302161114131
13302161115131
13302161141131
13300161151112
13300161151113
13300161151114
13300161151115
13300161151121
13300161151131
13300161151141
13300161151151
13300161151211
13300161151311
13300161151411
13300161151511
13300161152111
13300161153111
13300161154111
13300161155111
13302161211131
13300161251111
13302161311131
13300161351111
13302161411131
13300161451111
13302161511131
13300161551111
13302162111131
13302163111131
13300163151111
13302164111131
13302165111131
13302171111133
13302171111231
13302171111331
13302171111431
13302171111531
13302171112131
13302171113131
13302171114131
13302171115131
13302171141131
13300171151112
13300171151113
13300171151114
13300171151115
13300171151121
13300171151131
13300171151141
13300171151151
13300171151211
13300171151311
13300171151411
13300171151511
13300171152111
13300171153111
13300171154111
13300171155111
13302171211131
13300171251111
13302171311131
13300171351111
13302171411131
13300171451111
13302171511131
13300171551111
13302172111131
13302173111131
13300173151111
13302174111131
13302175111131
13302181111193
13302181111291
13302181111391
13302181111491
13302181111591
13302181112191
13302181113191
13302181114191
13302181115191
13302181121191
13302181131191
13302181141191
13302181151191
13301181191112
13301181191113
13301181191114
13301181191115
13301181191121
13301181191131
13301181191141
13301181191151
13301181191211
13301181191311
13301181191411
13301181191511
13301181193111
13302181211191
13301181291111
13302181311191
13301181391111
13302181411191
13301181491111
13302181511191
13301181591111
13302182111191
13301182191111
13302183111191
13301183191111
13302184111191
13301184191111
13302185111191
13301185191111
13302191111183
13302191111281
13302191111381
13302191111481
13302191111581
13302191112181
13302191113181
13302191114181
13302191115181
13302191121181
13302191131181
13302191141181
13302191151181
13301191181112
13301191181113
13301191181114
13301191181115
13301191181121
13301191181131
13301191181141
13301191181151
13301191181211
13301191181311
13301191181411
13301191181511
13301191183111
13302191211181
13301191281111
13302191311181
13301191381111
13302191411181
13301191481111
13302191511181
13301191581111
13302192111181
13301192181111
13302193111181
13301193181111
13302194111181
13301194181111
13302195111181
13301195181111
13300311111189
13300311111198
13300311111819
13300311111891
13300311111918
13300311111981
13300311118119
13300311118191
13300311118911
13300311119118
13300311119181
13300311119811
13300311181119
13300311181191
13300311181911
13300311189111
13300311191118
13300311191181
13300311191811
13300311198111
13300311811119
13300311811191
13300311811911
13300311819111
13300311891111
13300311911118
13300311911181
13300311911811
13300311918111
13300311981111
13302316111113
13300316115111
13302317111113
13300317115111
13302318111119
13301318119111
13302319111118
13301319118111
13302361111131
13300361151111
13302371111131
13300371151111
13302381111191
13301381191111
13302391111181
13301391181111
13302411116311
13302411117311
13302411161311
13302411171311
13302416111311
13302417111311
13302461111311
13302471111311
13302711111313
13302711111331
13302711112311
13302711113311
13302711114311
13302711115311
13302711121311
13302711131311
13302711141311
13302711151311
13302711411311
13300711511112
13300711511113
13300711511114
13300711511115
13300711511121
13300711511131
13300711511141
13300711511151
13300711511211
13300711511311
13300711511411
13300711511511
13300711512111
13300711513111
13300711514111
13300711515111
13300711521111
13300711531111
13300711541111
13300711551111
13302712111311
13302713111311
13300713511111
13302714111311
13302715111311
13302721111311
13302731111311
13300731511111
13302741111311
13302751111311
13302811111913
13302811111931
13302811112911
13302811113911
13302811114911
13302811115911
13302811121911
13302811131911
13302811141911
13302811151911
13302811211911
13302811311911
13302811411911
13302811511911
13301811911112
13301811911113
13301811911114
13301811911115
13301811911121
13301811911131
13301811911141
13301811911151
13301811911211
13301811911311
13301811911411
13301811911511
13301811913111
13301811931111
13302812111911
13301812911111
13302813111911
13301813911111
13302814111911
13301814911111
13302815111911
13301815911111
13302821111911
13301821911111
13302831111911
13301831911111
13302841111911
13301841911111
13302851111911
13301851911111
