13322111111869
13322111111879
13322111111968
13322111111978
13322111116819
13322111116918
13322111117819
13322111117918
13321111118916
13321111118917
13321111118961
13321111118971
13321111119816
13321111119817
13321111119861
13321111119871
13322111161819
13322111161918
13322111166113
13322111166131
13322111166311
13322111167113
13322111167131
13322111167311
13321111168911
13321111169811
13322111171819
13322111171918
13322111176113
13322111176131
13322111176311
13322111177113
13322111177131
13322111177311
13321111178911
13321111179811
13322111266111
13322111267111
13322111276111
13322111277111
13322111366111
13322111367111
13322111376111
13322111377111
13322111466111
13322111467111
13322111476111
13322111477111
13322111566111
13322111567111
13322111576111
13322111577111
13322111611819
13322111611918
13322111616113
13322111616131
13322111616311
13322111617113
13322111617131
13322111617311
13321111618911
13321111619811
13322111626111
13322111627111
13322111636111
13322111637111
13322111646111
13322111647111
13322111656111
13322111657111
13322111661113
13322111661131
13322111661311
13322111662111
13322111663111
13322111664111
13322111665111
13322111671113
13322111671131
13322111671311
13322111672111
13322111673111
13322111674111
13322111675111
13322111711819
13322111711918
13322111716113
13322111716131
13322111716311
13322111717113
13322111717131
13322111717311
13321111718911
13321111719811
13322111726111
13322111727111
13322111736111
13322111737111
13322111746111
13322111747111
13322111756111
13322111757111
13322111761113
13322111761131
13322111761311
13322111762111
13322111763111
13322111764111
13322111765111
13322111771113
13322111771131
13322111771311
13322111772111
13322111773111
13322111774111
13322111775111
13321111811139
13321111811319
13321111813119
13321111831119
13321111911138
13321111911318
13321111913118
13321111931118
13322112166111
13322112167111
13322112176111
13322112177111
13322112616111
13322112617111
13322112661111
13322112671111
13322112716111
13322112717111
13322112761111
13322112771111
13321112811119
13321112911118
13322113166111
13322113167111
13322113176111
13322113177111
13322113616111
13322113617111
13322113661111
13322113671111
13322113716111
13322113717111
13322113761111
13322113771111
13321113811119
13321113911118
13322114166111
13322114167111
13322114176111
13322114177111
13322114616111
13322114617111
13322114661111
13322114671111
13322114716111
13322114717111
13322114761111
13322114771111
13321114811119
13321114911118
13322115166111
13322115167111
13322115176111
13322115177111
13322115616111
13322115617111
13322115661111
13322115671111
13322115716111
13322115717111
13322115761111
13322115771111
13321115811119
13321115911118
13322116111819
13322116111918
13322116116113
13322116116131
13322116116311
13322116117113
13322116117131
13322116117311
13321116118911
13321116119811
13322116126111
13322116127111
13322116136111
13322116137111
13322116146111
13322116147111
13322116156111
13322116157111
13322116161113
13322116161131
13322116161311
13322116162111
13322116163111
13322116164111
13322116165111
13322116171113
13322116171131
13322116171311
13322116172111
13322116173111
13322116174111
13322116175111
13322116216111
13322116217111
13322116261111
13322116271111
13322116316111
13322116317111
13322116361111
13322116371111
13322116416111
13322116417111
13322116461111
13322116471111
13322116516111
13322116517111
13322116561111
13322116571111
13322116611113
13322116611131
13322116611311
13322116612111
13322116613111
13322116614111
13322116615111
13322116621111
13322116631111
13322116641111
13322116651111
13322116711113
13322116711131
13322116711311
13322116712111
13322116713111
13322116714111
13322116715111
13322116721111
13322116731111
13322116741111
13322116751111
13322117111819
13322117111918
13322117116113
13322117116131
13322117116311
13322117117113
13322117117131
13322117117311
13321117118911
13321117119811
13322117126111
13322117127111
13322117136111
13322117137111
13322117146111
13322117147111
13322117156111
13322117157111
13322117161113
13322117161131
13322117161311
13322117162111
13322117163111
13322117164111
13322117165111
13322117171113
13322117171131
13322117171311
13322117172111
13322117173111
13322117174111
13322117175111
13322117216111
13322117217111
13322117261111
13322117271111
13322117316111
13322117317111
13322117361111
13322117371111
13322117416111
13322117417111
13322117461111
13322117471111
13322117516111
13322117517111
13322117561111
13322117571111
13322117611113
13322117611131
13322117611311
13322117612111
13322117613111
13322117614111
13322117615111
13322117621111
13322117631111
13322117641111
13322117651111
13322117711113
13322117711131
13322117711311
13322117712111
13322117713111
13322117714111
13322117715111
13322117721111
13322117731111
13322117741111
13322117751111
13320118111916
13320118111917
13320118111961
13320118111971
13320118116911
13320118117911
13320118161911
13320118171911
13320118611911
13320118711911
13320119111816
13320119111817
13320119111861
13320119111871
13320119116811
13320119117811
13320119161811
13320119171811
13320119611811
13320119711811
13322121166111
13322121167111
13322121176111
13322121177111
13322121616111
13322121617111
13322121661111
13322121671111
13322121716111
13322121717111
13322121761111
13322121771111
13321121811119
13321121911118
13322126116111
13322126117111
13322126161111
13322126171111
13322126611111
13322126711111
13322127116111
13322127117111
13322127161111
13322127171111
13322127611111
13322127711111
13322131166111
13322131167111
13322131176111
13322131177111
13322131616111
13322131617111
13322131661111
13322131671111
13322131716111
13322131717111
13322131761111
13322131771111
13321131811119
13321131911118
13322136116111
13322136117111
13322136161111
13322136171111
13322136611111
13322136711111
13322137116111
13322137117111
13322137161111
13322137171111
13322137611111
13322137711111
13322141166111
13322141167111
13322141176111
13322141177111
13322141616111
13322141617111
13322141661111
13322141671111
13322141716111
13322141717111
13322141761111
13322141771111
13321141811119
13321141911118
13322146116111
13322146117111
13322146161111
13322146171111
13322146611111
13322146711111
13322147116111
13322147117111
13322147161111
13322147171111
13322147611111
13322147711111
13322151166111
13322151167111
13322151176111
13322151177111
13322151616111
13322151617111
13322151661111
13322151671111
13322151716111
13322151717111
13322151761111
13322151771111
13321151811119
13321151911118
13322156116111
13322156117111
13322156161111
13322156171111
13322156611111
13322156711111
13322157116111
13322157117111
13322157161111
13322157171111
13322157611111
13322157711111
13322161111819
13322161111918
13322161116113
13322161116131
13322161116311
13322161117113
13322161117131
13322161117311
13321161118911
13321161119811
13322161126111
13322161127111
13322161136111
13322161137111
13322161146111
13322161147111
13322161156111
13322161157111
13322161161113
13322161161131
13322161161311
13322161162111
13322161163111
13322161164111
13322161165111
13322161171113
13322161171131
13322161171311
13322161172111
13322161173111
13322161174111
13322161175111
13322161216111
13322161217111
13322161261111
13322161271111
13322161316111
13322161317111
13322161361111
13322161371111
13322161416111
13322161417111
13322161461111
13322161471111
13322161516111
13322161517111
13322161561111
13322161571111
13322161611113
13322161611131
13322161611311
13322161612111
13322161613111
13322161614111
13322161615111
13322161621111
13322161631111
13322161641111
13322161651111
13322161711113
13322161711131
13322161711311
13322161712111
13322161713111
13322161714111
13322161715111
13322161721111
13322161731111
13322161741111
13322161751111
13322162116111
13322162117111
13322162161111
13322162171111
13322162611111
13322162711111
13322163116111
13322163117111
13322163161111
13322163171111
13322163611111
13322163711111
13322164116111
13322164117111
13322164161111
13322164171111
13322164611111
13322164711111
13322165116111
13322165117111
13322165161111
13322165171111
13322165611111
13322165711111
13322166111113
13322166111131
13322166111311
13322166112111
13322166113111
13322166114111
13322166115111
13322166121111
13322166131111
13322166141111
13322166151111
13322166211111
13322166311111
13322166411111
13322166511111
13322167111113
13322167111131
13322167111311
13322167112111
13322167113111
13322167114111
13322167115111
13322167121111
13322167131111
13322167141111
13322167151111
13322167211111
13322167311111
13322167411111
13322167511111
13320168111911
13320169111811
13322171111819
13322171111918
13322171116113
13322171116131
13322171116311
13322171117113
13322171117131
13322171117311
13321171118911
13321171119811
13322171126111
13322171127111
13322171136111
13322171137111
13322171146111
13322171147111
13322171156111
13322171157111
13322171161113
13322171161131
13322171161311
13322171162111
13322171163111
13322171164111
13322171165111
13322171171113
13322171171131
13322171171311
13322171172111
13322171173111
13322171174111
13322171175111
13322171216111
13322171217111
13322171261111
13322171271111
13322171316111
13322171317111
13322171361111
13322171371111
13322171416111
13322171417111
13322171461111
13322171471111
13322171516111
13322171517111
13322171561111
13322171571111
13322171611113
13322171611131
13322171611311
13322171612111
13322171613111
13322171614111
13322171615111
13322171621111
13322171631111
13322171641111
13322171651111
13322171711113
13322171711131
13322171711311
13322171712111
13322171713111
13322171714111
13322171715111
13322171721111
13322171731111
13322171741111
13322171751111
13322172116111
13322172117111
13322172161111
13322172171111
13322172611111
13322172711111
13322173116111
13322173117111
13322173161111
13322173171111
13322173611111
13322173711111
13322174116111
13322174117111
13322174161111
13322174171111
13322174611111
13322174711111
13322175116111
13322175117111
13322175161111
13322175171111
13322175611111
13322175711111
13322176111113
13322176111131
13322176111311
13322176112111
13322176113111
13322176114111
13322176115111
13322176121111
13322176131111
13322176141111
13322176151111
13322176211111
13322176311111
13322176411111
13322176511111
13322177111113
13322177111131
13322177111311
13322177112111
13322177113111
13322177114111
13322177115111
13322177121111
13322177131111
13322177141111
13322177151111
13322177211111
13322177311111
13322177411111
13322177511111
13320178111911
13320179111811
13322211166111
13322211167111
13322211176111
13322211177111
13322211616111
13322211617111
13322211661111
13322211671111
13322211716111
13322211717111
13322211761111
13322211771111
13321211811119
13321211911118
13322216116111
13322216117111
13322216161111
13322216171111
13322216611111
13322216711111
13322217116111
13322217117111
13322217161111
13322217171111
13322217611111
13322217711111
13322261116111
13322261117111
13322261161111
13322261171111
13322261611111
13322261711111
13322266111111
13322267111111
13322271116111
13322271117111
13322271161111
13322271171111
13322271611111
13322271711111
13322276111111
13322277111111
13322311166111
13322311167111
13322311176111
13322311177111
13322311616111
13322311617111
13322311661111
13322311671111
13322311716111
13322311717111
13322311761111
13322311771111
13321311811119
13321311911118
13322316116111
13322316117111
13322316161111
13322316171111
13322316611111
13322316711111
13322317116111
13322317117111
13322317161111
13322317171111
13322317611111
13322317711111
13322361116111
13322361117111
13322361161111
13322361171111
13322361611111
13322361711111
13322366111111
13322367111111
13322371116111
13322371117111
13322371161111
13322371171111
13322371611111
13322371711111
13322376111111
13322377111111
13322411166111
13322411167111
13322411176111
13322411177111
13322411616111
13322411617111
13322411661111
13322411671111
13322411716111
13322411717111
13322411761111
13322411771111
13321411811119
13321411911118
13322416116111
13322416117111
13322416161111
13322416171111
13322416611111
13322416711111
13322417116111
13322417117111
13322417161111
13322417171111
13322417611111
13322417711111
13322461116111
13322461117111
13322461161111
13322461171111
13322461611111
13322461711111
13322466111111
13322467111111
13322471116111
13322471117111
13322471161111
13322471171111
13322471611111
13322471711111
13322476111111
13322477111111
13322511166111
13322511167111
13322511176111
13322511177111
13322511616111
13322511617111
13322511661111
13322511671111
13322511716111
13322511717111
13322511761111
13322511771111
13321511811119
13321511911118
13322516116111
13322516117111
13322516161111
13322516171111
13322516611111
13322516711111
13322517116111
13322517117111
13322517161111
13322517171111
13322517611111
13322517711111
13322561116111
13322561117111
13322561161111
13322561171111
13322561611111
13322561711111
13322566111111
13322567111111
13322571116111
13322571117111
13322571161111
13322571171111
13322571611111
13322571711111
13322576111111
13322577111111
13322611111819
13322611111918
13322611116113
13322611116131
13322611116311
13322611117113
13322611117131
13322611117311
13321611118911
13321611119811
13322611126111
13322611127111
13322611136111
13322611137111
13322611146111
13322611147111
13322611156111
13322611157111
13322611161113
13322611161131
13322611161311
13322611162111
13322611163111
13322611164111
13322611165111
13322611171113
13322611171131
13322611171311
13322611172111
13322611173111
13322611174111
13322611175111
13322611216111
13322611217111
13322611261111
13322611271111
13322611316111
13322611317111
13322611361111
13322611371111
13322611416111
13322611417111
13322611461111
13322611471111
13322611516111
13322611517111
13322611561111
13322611571111
13322611611113
13322611611131
13322611611311
13322611612111
13322611613111
13322611614111
13322611615111
13322611621111
13322611631111
13322611641111
13322611651111
13322611711113
13322611711131
13322611711311
13322611712111
13322611713111
13322611714111
13322611715111
13322611721111
13322611731111
13322611741111
13322611751111
13322612116111
13322612117111
13322612161111
13322612171111
13322612611111
13322612711111
13322613116111
13322613117111
13322613161111
13322613171111
13322613611111
13322613711111
13322614116111
13322614117111
13322614161111
13322614171111
13322614611111
13322614711111
13322615116111
13322615117111
13322615161111
13322615171111
13322615611111
13322615711111
13322616111113
13322616111131
13322616111311
13322616112111
13322616113111
13322616114111
13322616115111
13322616121111
13322616131111
13322616141111
13322616151111
13322616211111
13322616311111
13322616411111
13322616511111
13322617111113
13322617111131
13322617111311
13322617112111
13322617113111
13322617114111
13322617115111
13322617121111
13322617131111
13322617141111
13322617151111
13322617211111
13322617311111
13322617411111
13322617511111
13320618111911
13320619111811
13322621116111
13322621117111
13322621161111
13322621171111
13322621611111
13322621711111
13322626111111
13322627111111
13322631116111
13322631117111
13322631161111
13322631171111
13322631611111
13322631711111
13322636111111
13322637111111
13322641116111
13322641117111
13322641161111
13322641171111
13322641611111
13322641711111
13322646111111
13322647111111
13322651116111
13322651117111
13322651161111
13322651171111
13322651611111
13322651711111
13322656111111
13322657111111
13322661111113
13322661111131
13322661111311
13322661112111
13322661113111
13322661114111
13322661115111
13322661121111
13322661131111
13322661141111
13322661151111
13322661211111
13322661311111
13322661411111
13322661511111
13322662111111
13322663111111
13322664111111
13322665111111
13322671111113
13322671111131
13322671111311
13322671112111
13322671113111
13322671114111
13322671115111
13322671121111
13322671131111
13322671141111
13322671151111
13322671211111
13322671311111
13322671411111
13322671511111
13322672111111
13322673111111
13322674111111
13322675111111
13322711111819
13322711111918
13322711116113
13322711116131
13322711116311
13322711117113
13322711117131
13322711117311
13321711118911
13321711119811
13322711126111
13322711127111
13322711136111
13322711137111
13322711146111
13322711147111
13322711156111
13322711157111
13322711161113
13322711161131
13322711161311
13322711162111
13322711163111
13322711164111
13322711165111
13322711171113
13322711171131
13322711171311
13322711172111
13322711173111
13322711174111
13322711175111
13322711216111
13322711217111
13322711261111
13322711271111
13322711316111
13322711317111
13322711361111
13322711371111
13322711416111
13322711417111
13322711461111
13322711471111
13322711516111
13322711517111
13322711561111
13322711571111
13322711611113
13322711611131
13322711611311
13322711612111
13322711613111
13322711614111
13322711615111
13322711621111
13322711631111
13322711641111
13322711651111
13322711711113
13322711711131
13322711711311
13322711712111
13322711713111
13322711714111
13322711715111
13322711721111
13322711731111
13322711741111
13322711751111
13322712116111
13322712117111
13322712161111
13322712171111
13322712611111
13322712711111
13322713116111
13322713117111
13322713161111
13322713171111
13322713611111
13322713711111
13322714116111
13322714117111
13322714161111
13322714171111
13322714611111
13322714711111
13322715116111
13322715117111
13322715161111
13322715171111
13322715611111
13322715711111
13322716111113
13322716111131
13322716111311
13322716112111
13322716113111
13322716114111
13322716115111
13322716121111
13322716131111
13322716141111
13322716151111
13322716211111
13322716311111
13322716411111
13322716511111
13322717111113
13322717111131
13322717111311
13322717112111
13322717113111
13322717114111
13322717115111
13322717121111
13322717131111
13322717141111
13322717151111
13322717211111
13322717311111
13322717411111
13322717511111
13320718111911
13320719111811
13322721116111
13322721117111
13322721161111
13322721171111
13322721611111
13322721711111
13322726111111
13322727111111
13322731116111
13322731117111
13322731161111
13322731171111
13322731611111
13322731711111
13322736111111
13322737111111
13322741116111
13322741117111
13322741161111
13322741171111
13322741611111
13322741711111
13322746111111
13322747111111
13322751116111
13322751117111
13322751161111
13322751171111
13322751611111
13322751711111
13322756111111
13322757111111
13322761111113
13322761111131
13322761111311
13322761112111
13322761113111
13322761114111
13322761115111
13322761121111
13322761131111
13322761141111
13322761151111
13322761211111
13322761311111
13322761411111
13322761511111
13322762111111
13322763111111
13322764111111
13322765111111
13322771111113
13322771111131
13322771111311
13322771112111
13322771113111
13322771114111
13322771115111
13322771121111
13322771131111
13322771141111
13322771151111
13322771211111
13322771311111
13322771411111
13322771511111
13322772111111
13322773111111
13322774111111
13322775111111
13320811111139
13320811111319
13320811112119
13320811113119
13320811114119
13320811115119
13320811121119
13320811131119
13320811141119
13320811151119
13320811211119
13320811311119
13320811411119
13320811511119
13320813111119
13320831111119
13311111111266
13311111111267
13311111111276
13311111111277
13311111111366
13311111111367
13311111111376
13311111111377
13311111111466
13311111111467
13311111111476
13311111111477
13311111111566
13311111111567
13311111111576
13311111111577
13311111111626
13311111111627
13311111111636
13311111111637
13311111111646
13311111111647
13311111111656
13311111111657
13311111111662
13311111111663
13311111111664
13311111111665
13311111111672
13311111111673
13311111111674
13311111111675
13311111111726
13311111111727
13311111111736
13311111111737
13311111111746
13311111111747
13311111111756
13311111111757
13311111111762
13311111111763
13311111111764
13311111111765
13311111111772
13311111111773
13311111111774
13311111111775
13311111113166
13311111113167
13311111113176
13311111113177
13311111113616
13311111113617
13311111113661
13311111113671
13311111113716
13311111113717
13311111113761
13311111113771
13312111118913
13312111118931
13312111119813
13312111119831
13311111131166
13311111131167
13311111131176
13311111131177
13311111131616
13311111131617
13311111131661
13311111131671
13311111131716
13311111131717
13311111131761
13311111131771
13312111138911
13312111139811
13311111311166
13311111311167
13311111311176
13311111311177
13311111311616
13311111311617
13311111311661
13311111311671
13311111311716
13311111311717
13311111311761
13311111311771
13312111318911
13312111319811
13312111811169
13312111811179
13312111811619
13312111811719
13312111816119
13312111817119
13311111819116
13311111819117
13311111819161
13311111819171
13311111819611
13311111819711
13312111861119
13311111869111
13312111871119
13311111879111
13312111911168
13312111911178
13312111911618
13312111911718
13312111916118
13312111917118
13311111918116
13311111918117
13311111918161
13311111918171
13311111918611
13311111918711
13312111961118
13311111968111
13312111971118
13311111978111
13311112111166
13311112111167
13311112111176
13311112111177
13311112111616
13311112111617
13311112111661
13311112111671
13311112111716
13311112111717
13311112111761
13311112111771
13312112118911
13312112119811
13311113111166
13311113111167
13311113111176
13311113111177
13311113111616
13311113111617
13311113111661
13311113111671
13311113111716
13311113111717
13311113111761
13311113111771
13312113118911
13312113119811
13311114111166
13311114111167
13311114111176
13311114111177
13311114111616
13311114111617
13311114111661
13311114111671
13311114111716
13311114111717
13311114111761
13311114111771
13312114118911
13312114119811
13311115111166
13311115111167
13311115111176
13311115111177
13311115111616
13311115111617
13311115111661
13311115111671
13311115111716
13311115111717
13311115111761
13311115111771
13312115118911
13312115119811
13311116111126
13311116111127
13311116111136
13311116111137
13311116111146
13311116111147
13311116111156
13311116111157
13311116111162
13311116111163
13311116111164
13311116111165
13311116111172
13311116111173
13311116111174
13311116111175
13311116111216
13311116111217
13311116111261
13311116111271
13311116111316
13311116111317
13311116111361
13311116111371
13311116111416
13311116111417
13311116111461
13311116111471
13311116111516
13311116111517
13311116111561
13311116111571
13311116111612
13311116111613
13311116111614
13311116111615
13311116111621
13311116111631
13311116111641
13311116111651
13311116111712
13311116111713
13311116111714
13311116111715
13311116111721
13311116111731
13311116111741
13311116111751
13311116113116
13311116113117
13311116113161
13311116113171
13311116113611
13311116113711
13311116131116
13311116131117
13311116131161
13311116131171
13311116131611
13311116131711
13311116311116
13311116311117
13311116311161
13311116311171
13311116311611
13311116311711
13312116811119
13311116819111
13312116911118
13311116918111
13311117111126
13311117111127
13311117111136
13311117111137
13311117111146
13311117111147
13311117111156
13311117111157
13311117111162
13311117111163
13311117111164
13311117111165
13311117111172
13311117111173
13311117111174
13311117111175
13311117111216
13311117111217
13311117111261
13311117111271
13311117111316
13311117111317
13311117111361
13311117111371
13311117111416
13311117111417
13311117111461
13311117111471
13311117111516
13311117111517
13311117111561
13311117111571
13311117111612
13311117111613
13311117111614
13311117111615
13311117111621
13311117111631
13311117111641
13311117111651
13311117111712
13311117111713
13311117111714
13311117111715
13311117111721
13311117111731
13311117111741
13311117111751
13311117113116
13311117113117
13311117113161
13311117113171
13311117113611
13311117113711
13311117131116
13311117131117
13311117131161
13311117131171
13311117131611
13311117131711
13311117311116
13311117311117
13311117311161
13311117311171
13311117311611
13311117311711
13312117811119
13311117819111
13312117911118
13311117918111
13310118911116
13310118911117
13310118911161
13310118911171
13310118911611
13310118911711
13310118916111
13310118917111
13310118961111
13310118971111
13310119811116
13310119811117
13310119811161
13310119811171
13310119811611
13310119811711
13310119816111
13310119817111
13310119861111
13310119871111
13311121111166
13311121111167
13311121111176
13311121111177
13311121111616
13311121111617
13311121111661
13311121111671
13311121111716
13311121111717
13311121111761
13311121111771
13312121118911
13312121119811
13311126111116
13311126111117
13311126111161
13311126111171
13311126111611
13311126111711
13311127111116
13311127111117
13311127111161
13311127111171
13311127111611
13311127111711
13311131111166
13311131111167
13311131111176
13311131111177
13311131111616
13311131111617
13311131111661
13311131111671
13311131111716
13311131111717
13311131111761
13311131111771
13312131118911
13312131119811
13311136111116
13311136111117
13311136111161
13311136111171
13311136111611
13311136111711
13311137111116
13311137111117
13311137111161
13311137111171
13311137111611
13311137111711
13311141111166
13311141111167
13311141111176
13311141111177
13311141111616
13311141111617
13311141111661
13311141111671
13311141111716
13311141111717
13311141111761
13311141111771
13312141118911
13312141119811
13311146111116
13311146111117
13311146111161
13311146111171
13311146111611
13311146111711
13311147111116
13311147111117
13311147111161
13311147111171
13311147111611
13311147111711
13311151111166
13311151111167
13311151111176
13311151111177
13311151111616
13311151111617
13311151111661
13311151111671
13311151111716
13311151111717
13311151111761
13311151111771
13312151118911
13312151119811
13311156111116
13311156111117
13311156111161
13311156111171
13311156111611
13311156111711
13311157111116
13311157111117
13311157111161
13311157111171
13311157111611
13311157111711
13311161111126
13311161111127
13311161111136
13311161111137
13311161111146
13311161111147
13311161111156
13311161111157
13311161111162
13311161111163
13311161111164
13311161111165
13311161111172
13311161111173
13311161111174
13311161111175
13311161111216
13311161111217
13311161111261
13311161111271
13311161111316
13311161111317
13311161111361
13311161111371
13311161111416
13311161111417
13311161111461
13311161111471
13311161111516
13311161111517
13311161111561
13311161111571
13311161111612
13311161111613
13311161111614
13311161111615
13311161111621
13311161111631
13311161111641
13311161111651
13311161111712
13311161111713
13311161111714
13311161111715
13311161111721
13311161111731
13311161111741
13311161111751
13311161113116
13311161113117
13311161113161
13311161113171
13311161113611
13311161113711
13311161131116
13311161131117
13311161131161
13311161131171
13311161131611
13311161131711
13311161311116
13311161311117
13311161311161
13311161311171
13311161311611
13311161311711
13312161811119
13311161819111
13312161911118
13311161918111
13311162111116
13311162111117
13311162111161
13311162111171
13311162111611
13311162111711
13311163111116
13311163111117
13311163111161
13311163111171
13311163111611
13311163111711
13311164111116
13311164111117
13311164111161
13311164111171
13311164111611
13311164111711
13311165111116
13311165111117
13311165111161
13311165111171
13311165111611
13311165111711
13311166111112
13311166111113
13311166111114
13311166111115
13311166111121
13311166111131
13311166111141
13311166111151
13311166111211
13311166111311
13311166111411
13311166111511
13311166113111
13311166131111
13311166311111
13311167111112
13311167111113
13311167111114
13311167111115
13311167111121
13311167111131
13311167111141
13311167111151
13311167111211
13311167111311
13311167111411
13311167111511
13311167113111
13311167131111
13311167311111
13310168911111
13310169811111
13311171111126
13311171111127
13311171111136
13311171111137
13311171111146
13311171111147
13311171111156
13311171111157
13311171111162
13311171111163
13311171111164
13311171111165
13311171111172
13311171111173
13311171111174
13311171111175
13311171111216
13311171111217
13311171111261
13311171111271
13311171111316
13311171111317
13311171111361
13311171111371
13311171111416
13311171111417
13311171111461
13311171111471
13311171111516
13311171111517
13311171111561
13311171111571
13311171111612
13311171111613
13311171111614
13311171111615
13311171111621
13311171111631
13311171111641
13311171111651
13311171111712
13311171111713
13311171111714
13311171111715
13311171111721
13311171111731
13311171111741
13311171111751
13311171113116
13311171113117
13311171113161
13311171113171
13311171113611
13311171113711
13311171131116
13311171131117
13311171131161
13311171131171
13311171131611
13311171131711
13311171311116
13311171311117
13311171311161
13311171311171
13311171311611
13311171311711
13312171811119
13311171819111
13312171911118
13311171918111
13311172111116
13311172111117
13311172111161
13311172111171
13311172111611
13311172111711
13311173111116
13311173111117
13311173111161
13311173111171
13311173111611
13311173111711
13311174111116
13311174111117
13311174111161
13311174111171
13311174111611
13311174111711
13311175111116
13311175111117
13311175111161
13311175111171
13311175111611
13311175111711
13311176111112
13311176111113
13311176111114
13311176111115
13311176111121
13311176111131
13311176111141
13311176111151
13311176111211
13311176111311
13311176111411
13311176111511
13311176113111
13311176131111
13311176311111
13311177111112
13311177111113
13311177111114
13311177111115
13311177111121
13311177111131
13311177111141
13311177111151
13311177111211
13311177111311
13311177111411
13311177111511
13311177113111
13311177131111
13311177311111
13310178911111
13310179811111
13311211111166
13311211111167
13311211111176
13311211111177
13311211111616
13311211111617
13311211111661
13311211111671
13311211111716
13311211111717
13311211111761
13311211111771
13312211118911
13312211119811
13311216111116
13311216111117
13311216111161
13311216111171
13311216111611
13311216111711
13311217111116
13311217111117
13311217111161
13311217111171
13311217111611
13311217111711
13311261111116
13311261111117
13311261111161
13311261111171
13311261111611
13311261111711
13311266111111
13311267111111
13311271111116
13311271111117
13311271111161
13311271111171
13311271111611
13311271111711
13311276111111
13311277111111
13311311111166
13311311111167
13311311111176
13311311111177
13311311111616
13311311111617
13311311111661
13311311111671
13311311111716
13311311111717
13311311111761
13311311111771
13312311118911
13312311119811
13311316111116
13311316111117
13311316111161
13311316111171
13311316111611
13311316111711
13311317111116
13311317111117
13311317111161
13311317111171
13311317111611
13311317111711
13311361111116
13311361111117
13311361111161
13311361111171
13311361111611
13311361111711
13311366111111
13311367111111
13311371111116
13311371111117
13311371111161
13311371111171
13311371111611
13311371111711
13311376111111
13311377111111
13311411111166
13311411111167
13311411111176
13311411111177
13311411111616
13311411111617
13311411111661
13311411111671
13311411111716
13311411111717
13311411111761
13311411111771
13312411118911
13312411119811
13311416111116
13311416111117
13311416111161
13311416111171
13311416111611
13311416111711
13311417111116
13311417111117
13311417111161
13311417111171
13311417111611
13311417111711
13311461111116
13311461111117
13311461111161
13311461111171
13311461111611
13311461111711
13311466111111
13311467111111
13311471111116
13311471111117
13311471111161
13311471111171
13311471111611
13311471111711
13311476111111
13311477111111
13311511111166
13311511111167
13311511111176
13311511111177
13311511111616
13311511111617
13311511111661
13311511111671
13311511111716
13311511111717
13311511111761
13311511111771
13312511118911
13312511119811
13311516111116
13311516111117
13311516111161
13311516111171
13311516111611
13311516111711
13311517111116
13311517111117
13311517111161
13311517111171
13311517111611
13311517111711
13311561111116
13311561111117
13311561111161
13311561111171
13311561111611
13311561111711
13311566111111
13311567111111
13311571111116
13311571111117
13311571111161
13311571111171
13311571111611
13311571111711
13311576111111
13311577111111
13311611111126
13311611111127
13311611111136
13311611111137
13311611111146
13311611111147
13311611111156
13311611111157
13311611111162
13311611111163
13311611111164
13311611111165
13311611111172
13311611111173
13311611111174
13311611111175
13311611111216
13311611111217
13311611111261
13311611111271
13311611111316
13311611111317
13311611111361
13311611111371
13311611111416
13311611111417
13311611111461
13311611111471
13311611111516
13311611111517
13311611111561
13311611111571
13311611111612
13311611111613
13311611111614
13311611111615
13311611111621
13311611111631
13311611111641
13311611111651
13311611111712
13311611111713
13311611111714
13311611111715
13311611111721
13311611111731
13311611111741
13311611111751
13311611113116
13311611113117
13311611113161
13311611113171
13311611113611
13311611113711
13311611131116
13311611131117
13311611131161
13311611131171
13311611131611
13311611131711
13311611311116
13311611311117
13311611311161
13311611311171
13311611311611
13311611311711
13312611811119
13311611819111
13312611911118
13311611918111
13311612111116
13311612111117
13311612111161
13311612111171
13311612111611
13311612111711
13311613111116
13311613111117
13311613111161
13311613111171
13311613111611
13311613111711
13311614111116
13311614111117
13311614111161
13311614111171
13311614111611
13311614111711
13311615111116
13311615111117
13311615111161
13311615111171
13311615111611
13311615111711
13311616111112
13311616111113
13311616111114
13311616111115
13311616111121
13311616111131
13311616111141
13311616111151
13311616111211
13311616111311
13311616111411
13311616111511
13311616113111
13311616131111
13311616311111
13311617111112
13311617111113
13311617111114
13311617111115
13311617111121
13311617111131
13311617111141
13311617111151
13311617111211
13311617111311
13311617111411
13311617111511
13311617113111
13311617131111
13311617311111
13310618911111
13310619811111
13311621111116
13311621111117
13311621111161
13311621111171
13311621111611
13311621111711
13311626111111
13311627111111
13311631111116
13311631111117
13311631111161
13311631111171
13311631111611
13311631111711
13311636111111
13311637111111
13311641111116
13311641111117
13311641111161
13311641111171
13311641111611
13311641111711
13311646111111
13311647111111
13311651111116
13311651111117
13311651111161
13311651111171
13311651111611
13311651111711
13311656111111
13311657111111
13311661111112
13311661111113
13311661111114
13311661111115
13311661111121
13311661111131
13311661111141
13311661111151
13311661111211
13311661111311
13311661111411
13311661111511
13311661113111
13311661131111
13311661311111
13311662111111
13311663111111
13311664111111
13311665111111
13311671111112
13311671111113
13311671111114
13311671111115
13311671111121
13311671111131
13311671111141
13311671111151
13311671111211
13311671111311
13311671111411
13311671111511
13311671113111
13311671131111
13311671311111
13311672111111
13311673111111
13311674111111
13311675111111
13311711111126
13311711111127
13311711111136
13311711111137
13311711111146
13311711111147
13311711111156
13311711111157
13311711111162
13311711111163
13311711111164
13311711111165
13311711111172
13311711111173
13311711111174
13311711111175
13311711111216
13311711111217
13311711111261
13311711111271
13311711111316
13311711111317
13311711111361
13311711111371
13311711111416
13311711111417
13311711111461
13311711111471
13311711111516
13311711111517
13311711111561
13311711111571
13311711111612
13311711111613
13311711111614
13311711111615
13311711111621
13311711111631
13311711111641
13311711111651
13311711111712
13311711111713
13311711111714
13311711111715
13311711111721
13311711111731
13311711111741
13311711111751
13311711113116
13311711113117
13311711113161
13311711113171
13311711113611
13311711113711
13311711131116
13311711131117
13311711131161
13311711131171
13311711131611
13311711131711
13311711311116
13311711311117
13311711311161
13311711311171
13311711311611
13311711311711
13312711811119
13311711819111
13312711911118
13311711918111
13311712111116
13311712111117
13311712111161
13311712111171
13311712111611
13311712111711
13311713111116
13311713111117
13311713111161
13311713111171
13311713111611
13311713111711
13311714111116
13311714111117
13311714111161
13311714111171
13311714111611
13311714111711
13311715111116
13311715111117
13311715111161
13311715111171
13311715111611
13311715111711
13311716111112
13311716111113
13311716111114
13311716111115
13311716111121
13311716111131
13311716111141
13311716111151
13311716111211
13311716111311
13311716111411
13311716111511
13311716113111
13311716131111
13311716311111
13311717111112
13311717111113
13311717111114
13311717111115
13311717111121
13311717111131
13311717111141
13311717111151
13311717111211
13311717111311
13311717111411
13311717111511
13311717113111
13311717131111
13311717311111
13310718911111
13310719811111
13311721111116
13311721111117
13311721111161
13311721111171
13311721111611
13311721111711
13311726111111
13311727111111
13311731111116
13311731111117
13311731111161
13311731111171
13311731111611
13311731111711
13311736111111
13311737111111
13311741111116
13311741111117
13311741111161
13311741111171
13311741111611
13311741111711
13311746111111
13311747111111
13311751111116
13311751111117
13311751111161
13311751111171
13311751111611
13311751111711
13311756111111
13311757111111
13311761111112
13311761111113
13311761111114
13311761111115
13311761111121
13311761111131
13311761111141
13311761111151
13311761111211
13311761111311
13311761111411
13311761111511
13311761113111
13311761131111
13311761311111
13311762111111
13311763111111
13311764111111
13311765111111
13311771111112
13311771111113
13311771111114
13311771111115
13311771111121
13311771111131
13311771111141
13311771111151
13311771111211
13311771111311
13311771111411
13311771111511
13311771113111
13311771131111
13311771311111
13311772111111
13311773111111
13311774111111
13311775111111
13310811119112
13310811119113
13310811119114
13310811119115
13310811119121
13310811119131
13310811119141
13310811119151
13310811119211
13310811119311
13310811119411
13310811119511
13310811139111
13310811319111
13310813119111
13310831119111
13300111111266
13300111111267
13300111111276
13300111111277
13300111111366
13300111111367
13300111111376
13300111111377
13300111111466
13300111111467
13300111111476
13300111111477
13300111111566
13300111111567
13300111111576
13300111111577
13300111111626
13300111111627
13300111111636
13300111111637
13300111111646
13300111111647
13300111111656
13300111111657
13300111111662
13300111111663
13300111111664
13300111111665
13300111111672
13300111111673
13300111111674
13300111111675
13300111111726
13300111111727
13300111111736
13300111111737
13300111111746
13300111111747
13300111111756
13300111111757
13300111111762
13300111111763
13300111111764
13300111111765
13300111111772
13300111111773
13300111111774
13300111111775
13300111112166
13300111112167
13300111112176
13300111112177
13300111112616
13300111112617
13300111112661
13300111112671
13300111112716
13300111112717
13300111112761
13300111112771
13300111113166
13300111113167
13300111113176
13300111113177
13300111113616
13300111113617
13300111113661
13300111113671
13300111113716
13300111113717
13300111113761
13300111113771
13300111114166
13300111114167
13300111114176
13300111114177
13300111114616
13300111114617
13300111114661
13300111114671
13300111114716
13300111114717
13300111114761
13300111114771
13300111115166
13300111115167
13300111115176
13300111115177
13300111115616
13300111115617
13300111115661
13300111115671
13300111115716
13300111115717
13300111115761
13300111115771
13300111116126
13300111116127
13300111116136
13300111116137
13300111116146
13300111116147
13300111116156
13300111116157
13300111116162
13300111116163
13300111116164
13300111116165
13300111116172
13300111116173
13300111116174
13300111116175
13300111116216
13300111116217
13300111116261
13300111116271
13300111116316
13300111116317
13300111116361
13300111116371
13300111116416
13300111116417
13300111116461
13300111116471
13300111116516
13300111116517
13300111116561
13300111116571
13300111116612
13300111116613
13300111116614
13300111116615
13300111116621
13300111116631
13300111116641
13300111116651
13300111116712
13300111116713
13300111116714
13300111116715
13300111116721
13300111116731
13300111116741
13300111116751
13300111117126
13300111117127
13300111117136
13300111117137
13300111117146
13300111117147
13300111117156
13300111117157
13300111117162
13300111117163
13300111117164
13300111117165
13300111117172
13300111117173
13300111117174
13300111117175
13300111117216
13300111117217
13300111117261
13300111117271
13300111117316
13300111117317
13300111117361
13300111117371
13300111117416
13300111117417
13300111117461
13300111117471
13300111117516
13300111117517
13300111117561
13300111117571
13300111117612
13300111117613
13300111117614
13300111117615
13300111117621
13300111117631
13300111117641
13300111117651
13300111117712
13300111117713
13300111117714
13300111117715
13300111117721
13300111117731
13300111117741
13300111117751
13300111121166
13300111121167
13300111121176
13300111121177
13300111121616
13300111121617
13300111121661
13300111121671
13300111121716
13300111121717
13300111121761
13300111121771
13300111126116
13300111126117
13300111126161
13300111126171
13300111126611
13300111126711
13300111127116
13300111127117
13300111127161
13300111127171
13300111127611
13300111127711
13300111131166
13300111131167
13300111131176
13300111131177
13300111131616
13300111131617
13300111131661
13300111131671
13300111131716
13300111131717
13300111131761
13300111131771
13300111136116
13300111136117
13300111136161
13300111136171
13300111136611
13300111136711
13300111137116
13300111137117
13300111137161
13300111137171
13300111137611
13300111137711
13300111141166
13300111141167
13300111141176
13300111141177
13300111141616
13300111141617
13300111141661
13300111141671
13300111141716
13300111141717
13300111141761
13300111141771
13300111146116
13300111146117
13300111146161
13300111146171
13300111146611
13300111146711
13300111147116
13300111147117
13300111147161
13300111147171
13300111147611
13300111147711
13300111151166
13300111151167
13300111151176
13300111151177
13300111151616
13300111151617
13300111151661
13300111151671
13300111151716
13300111151717
13300111151761
13300111151771
13300111156116
13300111156117
13300111156161
13300111156171
13300111156611
13300111156711
13300111157116
13300111157117
13300111157161
13300111157171
13300111157611
13300111157711
13300111161126
13300111161127
13300111161136
13300111161137
13300111161146
13300111161147
13300111161156
13300111161157
13300111161162
13300111161163
13300111161164
13300111161165
13300111161172
13300111161173
13300111161174
13300111161175
13300111161216
13300111161217
13300111161261
13300111161271
13300111161316
13300111161317
13300111161361
13300111161371
13300111161416
13300111161417
13300111161461
13300111161471
13300111161516
13300111161517
13300111161561
13300111161571
13300111161612
13300111161613
13300111161614
13300111161615
13300111161621
13300111161631
13300111161641
13300111161651
13300111161712
13300111161713
13300111161714
13300111161715
13300111161721
13300111161731
13300111161741
13300111161751
13300111162116
13300111162117
13300111162161
13300111162171
13300111162611
13300111162711
13300111163116
13300111163117
13300111163161
13300111163171
13300111163611
13300111163711
13300111164116
13300111164117
13300111164161
13300111164171
13300111164611
13300111164711
13300111165116
13300111165117
13300111165161
13300111165171
13300111165611
13300111165711
13300111166112
13300111166113
13300111166114
13300111166115
13300111166121
13300111166131
13300111166141
13300111166151
13300111166211
13300111166311
13300111166411
13300111166511
13300111167112
13300111167113
13300111167114
13300111167115
13300111167121
13300111167131
13300111167141
13300111167151
13300111167211
13300111167311
13300111167411
13300111167511
13300111171126
13300111171127
13300111171136
13300111171137
13300111171146
13300111171147
13300111171156
13300111171157
13300111171162
13300111171163
13300111171164
13300111171165
13300111171172
13300111171173
13300111171174
13300111171175
13300111171216
13300111171217
13300111171261
13300111171271
13300111171316
13300111171317
13300111171361
13300111171371
13300111171416
13300111171417
13300111171461
13300111171471
13300111171516
13300111171517
13300111171561
13300111171571
13300111171612
13300111171613
13300111171614
13300111171615
13300111171621
13300111171631
13300111171641
13300111171651
13300111171712
13300111171713
13300111171714
13300111171715
13300111171721
13300111171731
13300111171741
13300111171751
13300111172116
13300111172117
13300111172161
13300111172171
13300111172611
13300111172711
13300111173116
13300111173117
13300111173161
13300111173171
13300111173611
13300111173711
13300111174116
13300111174117
13300111174161
13300111174171
13300111174611
13300111174711
13300111175116
13300111175117
13300111175161
13300111175171
13300111175611
13300111175711
13300111176112
13300111176113
13300111176114
13300111176115
13300111176121
13300111176131
13300111176141
13300111176151
13300111176211
13300111176311
13300111176411
13300111176511
13300111177112
13300111177113
13300111177114
13300111177115
13300111177121
13300111177131
13300111177141
13300111177151
13300111177211
13300111177311
13300111177411
13300111177511
13300111211166
13300111211167
13300111211176
13300111211177
13300111211616
13300111211617
13300111211661
13300111211671
13300111211716
13300111211717
13300111211761
13300111211771
13300111216116
13300111216117
13300111216161
13300111216171
13300111216611
13300111216711
13300111217116
13300111217117
13300111217161
13300111217171
13300111217611
13300111217711
13300111261116
13300111261117
13300111261161
13300111261171
13300111261611
13300111261711
13300111266111
13300111267111
13300111271116
13300111271117
13300111271161
13300111271171
13300111271611
13300111271711
13300111276111
13300111277111
13300111311166
13300111311167
13300111311176
13300111311177
13300111311616
13300111311617
13300111311661
13300111311671
13300111311716
13300111311717
13300111311761
13300111311771
13300111316116
13300111316117
13300111316161
13300111316171
13300111316611
13300111316711
13300111317116
13300111317117
13300111317161
13300111317171
13300111317611
13300111317711
13300111361116
13300111361117
13300111361161
13300111361171
13300111361611
13300111361711
13300111366111
13300111367111
13300111371116
13300111371117
13300111371161
13300111371171
13300111371611
13300111371711
13300111376111
13300111377111
13300111411166
13300111411167
13300111411176
13300111411177
13300111411616
13300111411617
13300111411661
13300111411671
13300111411716
13300111411717
13300111411761
13300111411771
13300111416116
13300111416117
13300111416161
13300111416171
13300111416611
13300111416711
13300111417116
13300111417117
13300111417161
13300111417171
13300111417611
13300111417711
13300111461116
13300111461117
13300111461161
13300111461171
13300111461611
13300111461711
13300111466111
13300111467111
13300111471116
13300111471117
13300111471161
13300111471171
13300111471611
13300111471711
13300111476111
13300111477111
13300111511166
13300111511167
13300111511176
13300111511177
13300111511616
13300111511617
13300111511661
13300111511671
13300111511716
13300111511717
13300111511761
13300111511771
13300111516116
13300111516117
13300111516161
13300111516171
13300111516611
13300111516711
13300111517116
13300111517117
13300111517161
13300111517171
13300111517611
13300111517711
13300111561116
13300111561117
13300111561161
13300111561171
13300111561611
13300111561711
13300111566111
13300111567111
13300111571116
13300111571117
13300111571161
13300111571171
13300111571611
13300111571711
13300111576111
13300111577111
13300111611126
13300111611127
13300111611136
13300111611137
13300111611146
13300111611147
13300111611156
13300111611157
13300111611162
13300111611163
13300111611164
13300111611165
13300111611172
13300111611173
13300111611174
13300111611175
13300111611216
13300111611217
13300111611261
13300111611271
13300111611316
13300111611317
13300111611361
13300111611371
13300111611416
13300111611417
13300111611461
13300111611471
13300111611516
13300111611517
13300111611561
13300111611571
13300111611612
13300111611613
13300111611614
13300111611615
13300111611621
13300111611631
13300111611641
13300111611651
13300111611712
13300111611713
13300111611714
13300111611715
13300111611721
13300111611731
13300111611741
13300111611751
13300111612116
13300111612117
13300111612161
13300111612171
13300111612611
13300111612711
13300111613116
13300111613117
13300111613161
13300111613171
13300111613611
13300111613711
13300111614116
13300111614117
13300111614161
13300111614171
13300111614611
13300111614711
13300111615116
13300111615117
13300111615161
13300111615171
13300111615611
13300111615711
13300111616112
13300111616113
13300111616114
13300111616115
13300111616121
13300111616131
13300111616141
13300111616151
13300111616211
13300111616311
13300111616411
13300111616511
13300111617112
13300111617113
13300111617114
13300111617115
13300111617121
13300111617131
13300111617141
13300111617151
13300111617211
13300111617311
13300111617411
13300111617511
13300111621116
13300111621117
13300111621161
13300111621171
13300111621611
13300111621711
13300111626111
13300111627111
13300111631116
13300111631117
13300111631161
13300111631171
13300111631611
13300111631711
13300111636111
13300111637111
13300111641116
13300111641117
13300111641161
13300111641171
13300111641611
13300111641711
13300111646111
13300111647111
13300111651116
13300111651117
13300111651161
13300111651171
13300111651611
13300111651711
13300111656111
13300111657111
13300111661112
13300111661113
13300111661114
13300111661115
13300111661121
13300111661131
13300111661141
13300111661151
13300111661211
13300111661311
13300111661411
13300111661511
13300111662111
13300111663111
13300111664111
13300111665111
13300111671112
13300111671113
13300111671114
13300111671115
13300111671121
13300111671131
13300111671141
13300111671151
13300111671211
13300111671311
13300111671411
13300111671511
13300111672111
13300111673111
13300111674111
13300111675111
13300111711126
13300111711127
13300111711136
13300111711137
13300111711146
13300111711147
13300111711156
13300111711157
13300111711162
13300111711163
13300111711164
13300111711165
13300111711172
13300111711173
13300111711174
13300111711175
13300111711216
13300111711217
13300111711261
13300111711271
13300111711316
13300111711317
13300111711361
13300111711371
13300111711416
13300111711417
13300111711461
13300111711471
13300111711516
13300111711517
13300111711561
13300111711571
13300111711612
13300111711613
13300111711614
13300111711615
13300111711621
13300111711631
13300111711641
13300111711651
13300111711712
13300111711713
13300111711714
13300111711715
13300111711721
13300111711731
13300111711741
13300111711751
13300111712116
13300111712117
13300111712161
13300111712171
13300111712611
13300111712711
13300111713116
13300111713117
13300111713161
13300111713171
13300111713611
13300111713711
13300111714116
13300111714117
13300111714161
13300111714171
13300111714611
13300111714711
13300111715116
13300111715117
13300111715161
13300111715171
13300111715611
13300111715711
13300111716112
13300111716113
13300111716114
13300111716115
13300111716121
13300111716131
13300111716141
13300111716151
13300111716211
13300111716311
13300111716411
13300111716511
13300111717112
13300111717113
13300111717114
13300111717115
13300111717121
13300111717131
13300111717141
13300111717151
13300111717211
13300111717311
13300111717411
13300111717511
13300111721116
13300111721117
13300111721161
13300111721171
13300111721611
13300111721711
13300111726111
13300111727111
13300111731116
13300111731117
13300111731161
13300111731171
13300111731611
13300111731711
13300111736111
13300111737111
13300111741116
13300111741117
13300111741161
13300111741171
13300111741611
13300111741711
13300111746111
13300111747111
13300111751116
13300111751117
13300111751161
13300111751171
13300111751611
13300111751711
13300111756111
13300111757111
13300111761112
13300111761113
13300111761114
13300111761115
13300111761121
13300111761131
13300111761141
13300111761151
13300111761211
13300111761311
13300111761411
13300111761511
13300111762111
13300111763111
13300111764111
13300111765111
13300111771112
13300111771113
13300111771114
13300111771115
13300111771121
13300111771131
13300111771141
13300111771151
13300111771211
13300111771311
13300111771411
13300111771511
13300111772111
13300111773111
13300111774111
13300111775111
13300113111166
13300113111167
13300113111176
13300113111177
13300113111616
13300113111617
13300113111661
13300113111671
13300113111716
13300113111717
13300113111761
13300113111771
13300113116116
13300113116117
13300113116161
13300113116171
13300113116611
13300113116711
13300113117116
13300113117117
13300113117161
13300113117171
13300113117611
13300113117711
13300113161116
13300113161117
13300113161161
13300113161171
13300113161611
13300113161711
13300113166111
13300113167111
13300113171116
13300113171117
13300113171161
13300113171171
13300113171611
13300113171711
13300113176111
13300113177111
13300113611116
13300113611117
13300113611161
13300113611171
13300113611611
13300113611711
13300113616111
13300113617111
13300113661111
13300113671111
13300113711116
13300113711117
13300113711161
13300113711171
13300113711611
13300113711711
13300113716111
13300113717111
13300113761111
13300113771111
13300116111125
13300116111135
13300116111145
13300116111155
13300116111215
13300116111315
13300116111415
13300116111515
13300116121115
13300116131115
13300116141115
13300116151115
13300116211115
13300116311115
13300116411115
13300116511115
13300117111125
13300117111135
13300117111145
13300117111155
13300117111215
13300117111315
13300117111415
13300117111515
13300117121115
13300117131115
13300117141115
13300117151115
13300117211115
13300117311115
13300117411115
13300117511115
13302118111913
13302118111931
13302118112911
13302118113911
13302118114911
13302118115911
13302118121911
13302118131911
13302118141911
13302118151911
13302118211911
13302118311911
13302118411911
13302118511911
13301118911112
13301118911113
13301118911114
13301118911115
13301118911121
13301118911131
13301118911141
13301118911151
13301118911211
13301118911311
13301118911411
13301118911511
13301118913111
13301118931111
13302119111813
13302119111831
13302119112811
13302119113811
13302119114811
13302119115811
13302119121811
13302119131811
13302119141811
13302119151811
13302119211811
13302119311811
13302119411811
13302119511811
13301119811112
13301119811113
13301119811114
13301119811115
13301119811121
13301119811131
13301119811141
13301119811151
13301119811211
13301119811311
13301119811411
13301119811511
13301119813111
13301119831111
13300131111166
13300131111167
13300131111176
13300131111177
13300131111616
13300131111617
13300131111661
13300131111671
13300131111716
13300131111717
13300131111761
13300131111771
13300131116116
13300131116117
13300131116161
13300131116171
13300131116611
13300131116711
13300131117116
13300131117117
13300131117161
13300131117171
13300131117611
13300131117711
13300131161116
13300131161117
13300131161161
13300131161171
13300131161611
13300131161711
13300131166111
13300131167111
13300131171116
13300131171117
13300131171161
13300131171171
13300131171611
13300131171711
13300131176111
13300131177111
13300131611116
13300131611117
13300131611161
13300131611171
13300131611611
13300131611711
13300131616111
13300131617111
13300131661111
13300131671111
13300131711116
13300131711117
13300131711161
13300131711171
13300131711611
13300131711711
13300131716111
13300131717111
13300131761111
13300131771111
13300136111115
13300137111115
13302138111911
13301138911111
13302139111811
13301139811111
13300161111152
13300161111153
13300161111154
13300161111155
13300161111251
13300161111351
13300161111451
13300161111551
13300161112151
13300161113151
13300161114151
13300161115151
13300161211151
13300161311151
13300161411151
13300161511151
13300163111151
13300171111152
13300171111153
13300171111154
13300171111155
13300171111251
13300171111351
13300171111451
13300171111551
13300171112151
13300171113151
13300171114151
13300171115151
13300171211151
13300171311151
13300171411151
13300171511151
13300173111151
13300311111166
13300311111167
13300311111176
13300311111177
13300311111616
13300311111617
13300311111661
13300311111671
13300311111716
13300311111717
13300311111761
13300311111771
13300311116116
13300311116117
13300311116161
13300311116171
13300311116611
13300311116711
13300311117116
13300311117117
13300311117161
13300311117171
13300311117611
13300311117711
13300311161116
13300311161117
13300311161161
13300311161171
13300311161611
13300311161711
13300311166111
13300311167111
13300311171116
13300311171117
13300311171161
13300311171171
13300311171611
13300311171711
13300311176111
13300311177111
13300311611116
13300311611117
13300311611161
13300311611171
13300311611611
13300311611711
13300311616111
13300311617111
13300311661111
13300311671111
13300311711116
13300311711117
13300311711161
13300311711171
13300311711611
13300311711711
13300311716111
13300311717111
13300311761111
13300311771111
13300316111115
13300317111115
13302318111911
13301318911111
13302319111811
13301319811111
13300361111151
13300371111151
13300711111512
13300711111513
13300711111514
13300711111515
13300711111521
13300711111531
13300711111541
13300711111551
13300711112511
13300711113511
13300711114511
13300711115511
13300711121511
13300711131511
13300711141511
13300711151511
13300713111511
13300731111511
13302811111169
13302811111179
13302811111619
13302811111719
13302811116119
13302811117119
13301811119116
13301811119117
13301811119161
13301811119171
13301811119611
13301811119711
13302811161119
13301811169111
13302811171119
13301811179111
13302811611119
13301811619111
13302811711119
13301811719111
13302816111119
13301816119111
13302817111119
13301817119111
13300819111116
13300819111117
13300819111161
13300819111171
13300819111611
13300819111711
13300819116111
13300819117111
13300819161111
13300819171111
13300819611111
13300819711111
13302861111119
13301861119111
13300869111111
13302871111119
13301871119111
13300879111111
