13321111168119
13321111169118
13321111178119
13321111179118
13321111181196
13321111181197
13321111191186
13321111191187
13321111618119
13321111619118
13321111681191
13322111689111
13321111691181
13322111698111
13321111718119
13321111719118
13321111781191
13322111789111
13321111791181
13322111798111
13321111811916
13321111811917
13321111811961
13321111811971
13322111869111
13322111879111
13322111896111
13322111897111
13321111911816
13321111911817
13321111911861
13321111911871
13322111968111
13322111978111
13322111986111
13322111987111
13321116118119
13321116119118
13320116161115
13320116171115
13321116181191
13322116189111
13321116191181
13322116198111
13320116611115
13320116711115
13321116811911
13322116819111
13322116891111
13321116911811
13322116918111
13322116981111
13321117118119
13321117119118
13320117161115
13320117171115
13321117181191
13322117189111
13321117191181
13322117198111
13320117611115
13320117711115
13321117811911
13322117819111
13322117891111
13321117911811
13322117918111
13322117981111
13320118116119
13320118117119
13320118161119
13322118169111
13320118171119
13322118179111
13322118196111
13322118197111
13320118611119
13322118619111
13322118691111
13320118711119
13322118719111
13322118791111
13322118916111
13322118917111
13322118961111
13322118971111
13320119116118
13320119117118
13320119161118
13322119168111
13320119171118
13322119178111
13322119186111
13322119187111
13320119611118
13322119618111
13322119681111
13320119711118
13322119718111
13322119781111
13322119816111
13322119817111
13322119861111
13322119871111
13320161111156
13320161111157
13320161116151
13320161117151
13321161118119
13321161119118
13321161181191
13322161189111
13321161191181
13322161198111
13320161611151
13320161711151
13321161811911
13322161819111
13322161891111
13321161911811
13322161918111
13322161981111
13320166111115
13320167111115
13320168111119
13322168119111
13322168191111
13322168911111
13320169111118
13322169118111
13322169181111
13322169811111
13320171111156
13320171111157
13320171116151
13320171117151
13321171118119
13321171119118
13321171181191
13322171189111
13321171191181
13322171198111
13320171611151
13320171711151
13321171811911
13322171819111
13322171891111
13321171911811
13322171918111
13322171981111
13320176111115
13320177111115
13320178111119
13322178119111
13322178191111
13322178911111
13320179111118
13322179118111
13322179181111
13322179811111
13320181111196
13320181111197
13320181116191
13320181117191
13320181161191
13322181169111
13320181171191
13322181179111
13322181196111
13322181197111
13320181611191
13322181619111
13322181691111
13320181711191
13322181719111
13322181791111
13322181916111
13322181917111
13322181961111
13322181971111
13322186119111
13322186191111
13322186911111
13322187119111
13322187191111
13322187911111
13322189116111
13322189117111
13322189161111
13322189171111
13322189611111
13322189711111
13320191111186
13320191111187
13320191116181
13320191117181
13320191161181
13322191168111
13320191171181
13322191178111
13322191186111
13322191187111
13320191611181
13322191618111
13322191681111
13320191711181
13322191718111
13322191781111
13322191816111
13322191817111
13322191861111
13322191871111
13322196118111
13322196181111
13322196811111
13322197118111
13322197181111
13322197811111
13322198116111
13322198117111
13322198161111
13322198171111
13322198611111
13322198711111
13320611111516
13320611111517
13320611111561
13320611111571
13320611116511
13320611117511
13321611118119
13321611119118
13320611161511
13320611171511
13321611181191
13322611189111
13321611191181
13322611198111
13321611811911
13322611819111
13322611891111
13321611911811
13322611918111
13322611981111
13320616111115
13320617111115
13320618111119
13322618119111
13322618191111
13322618911111
13320619111118
13322619118111
13322619181111
13322619811111
13320661111151
13320671111151
13320681111191
13322681119111
13322681191111
13322681911111
13322689111111
13320691111181
13322691118111
13322691181111
13322691811111
13322698111111
13320711111516
13320711111517
13320711111561
13320711111571
13320711116511
13320711117511
13321711118119
13321711119118
13320711161511
13320711171511
13321711181191
13322711189111
13321711191181
13322711198111
13321711811911
13322711819111
13322711891111
13321711911811
13322711918111
13322711981111
13320716111115
13320717111115
13320718111119
13322718119111
13322718191111
13322718911111
13320719111118
13322719118111
13322719181111
13322719811111
13320761111151
13320771111151
13320781111191
13322781119111
13322781191111
13322781911111
13322789111111
13320791111181
13322791118111
13322791181111
13322791811111
13322798111111
13320811111916
13320811111917
13320811111961
13320811111971
13320811116911
13320811117911
13320811161911
13322811169111
13320811171911
13322811179111
13322811196111
13322811197111
13320811611911
13322811619111
13322811691111
13320811711911
13322811719111
13322811791111
13322811916111
13322811917111
13322811961111
13322811971111
13322816119111
13322816191111
13322816911111
13322817119111
13322817191111
13322817911111
13322819116111
13322819117111
13322819161111
13322819171111
13322819611111
13322819711111
13322861119111
13322861191111
13322861911111
13322869111111
13322871119111
13322871191111
13322871911111
13322879111111
13322891116111
13322891117111
13322891161111
13322891171111
13322891611111
13322891711111
13322896111111
13322897111111
13311111111689
13311111111698
13311111111789
13311111111798
13311111111869
13311111111879
13311111111896
13311111111897
13311111111968
13311111111978
13311111111986
13311111111987
13311111116165
13311111116175
13311111116615
13311111116715
13311111117165
13311111117175
13311111117615
13311111117715
13312111118169
13312111118179
13312111118619
13312111118719
13312111119168
13312111119178
13312111119618
13312111119718
13311111161156
13311111161157
13311111161651
13311111161751
13311111171156
13311111171157
13311111171651
13311111171751
13312111181691
13312111181791
13312111186191
13312111187191
13312111191681
13312111191781
13312111196181
13312111197181
13311111611516
13311111611517
13311111611561
13311111611571
13311111711516
13311111711517
13311111711561
13311111711571
13312111816911
13312111817911
13312111861911
13312111871911
13312111916811
13312111917811
13312111961811
13312111971811
13311116111189
13311116111198
13311116111819
13311116111891
13311116111918
13311116111981
13311116116115
13311116117115
13312116118119
13312116119118
13311116161151
13311116171151
13312116181191
13312116191181
13311116611511
13311116711511
13312116811911
13312116911811
13311117111189
13311117111198
13311117111819
13311117111891
13311117111918
13311117111981
13311117116115
13311117117115
13312117118119
13312117119118
13311117161151
13311117171151
13312117181191
13312117191181
13311117611511
13311117711511
13312117811911
13312117911811
13311118111169
13311118111179
13311118111196
13311118111197
13311118111619
13311118111691
13311118111719
13311118111791
13311118111916
13311118111917
13311118111961
13311118111971
13310118119116
13310118119117
13310118119161
13310118119171
13310118119611
13310118119711
13311119111168
13311119111178
13311119111186
13311119111187
13311119111618
13311119111681
13311119111718
13311119111781
13311119111816
13311119111817
13311119111861
13311119111871
13310119118116
13310119118117
13310119118161
13310119118171
13310119118611
13310119118711
13311161111189
13311161111198
13311161111819
13311161111891
13311161111918
13311161111981
13311161116115
13311161117115
13312161118119
13312161119118
13311161161151
13311161171151
13312161181191
13312161191181
13311161611511
13311161711511
13312161811911
13312161911811
13311168111119
13311168111191
13311168111911
13310168119111
13311169111118
13311169111181
13311169111811
13310169118111
13311171111189
13311171111198
13311171111819
13311171111891
13311171111918
13311171111981
13311171116115
13311171117115
13312171118119
13312171119118
13311171161151
13311171171151
13312171181191
13312171191181
13311171611511
13311171711511
13312171811911
13312171911811
13311178111119
13311178111191
13311178111911
13310178119111
13311179111118
13311179111181
13311179111811
13310179118111
13311181111169
13311181111179
13311181111196
13311181111197
13311181111619
13311181111691
13311181111719
13311181111791
13311181111916
13311181111917
13311181111961
13311181111971
13310181191116
13310181191117
13310181191161
13310181191171
13310181191611
13310181191711
13310181196111
13310181197111
13311186111119
13311186111191
13311186111911
13311187111119
13311187111191
13311187111911
13311189111116
13311189111117
13311189111161
13311189111171
13311189111611
13311189111711
13311191111168
13311191111178
13311191111186
13311191111187
13311191111618
13311191111681
13311191111718
13311191111781
13311191111816
13311191111817
13311191111861
13311191111871
13310191181116
13310191181117
13310191181161
13310191181171
13310191181611
13310191181711
13310191186111
13310191187111
13311196111118
13311196111181
13311196111811
13311197111118
13311197111181
13311197111811
13311198111116
13311198111117
13311198111161
13311198111171
13311198111611
13311198111711
13311611111189
13311611111198
13311611111819
13311611111891
13311611111918
13311611111981
13311611116115
13311611117115
13312611118119
13312611119118
13311611161151
13311611171151
13312611181191
13312611191181
13311611611511
13311611711511
13312611811911
13312611911811
13311618111119
13311618111191
13311618111911
13310618119111
13311619111118
13311619111181
13311619111811
13310619118111
13311681111119
13311681111191
13311681111911
13310681191111
13311689111111
13311691111118
13311691111181
13311691111811
13310691181111
13311698111111
13311711111189
13311711111198
13311711111819
13311711111891
13311711111918
13311711111981
13311711116115
13311711117115
13312711118119
13312711119118
13311711161151
13311711171151
13312711181191
13312711191181
13311711611511
13311711711511
13312711811911
13312711911811
13311718111119
13311718111191
13311718111911
13310718119111
13311719111118
13311719111181
13311719111811
13310719118111
13311781111119
13311781111191
13311781111911
13310781191111
13311789111111
13311791111118
13311791111181
13311791111811
13310791181111
13311798111111
13311811111169
13311811111179
13311811111196
13311811111197
13311811111619
13311811111691
13311811111719
13311811111791
13311811111916
13311811111917
13311811111961
13311811111971
13310811911116
13310811911117
13310811911161
13310811911171
13310811911611
13310811911711
13310811916111
13310811917111
13310811961111
13310811971111
13311816111119
13311816111191
13311816111911
13311817111119
13311817111191
13311817111911
13311819111116
13311819111117
13311819111161
13311819111171
13311819111611
13311819111711
13311861111119
13311861111191
13311861111911
13311869111111
13311871111119
13311871111191
13311871111911
13311879111111
13311891111116
13311891111117
13311891111161
13311891111171
13311891111611
13311891111711
13311896111111
13311897111111
13300111111689
13300111111698
13300111111789
13300111111798
13300111111869
13300111111879
13300111111896
13300111111897
13300111111968
13300111111978
13300111111986
13300111111987
13300111116189
13300111116198
13300111116819
13300111116891
13300111116918
13300111116981
13300111117189
13300111117198
13300111117819
13300111117891
13300111117918
13300111117981
13300111118169
13300111118179
13300111118196
13300111118197
13300111118619
13300111118691
13300111118719
13300111118791
13300111118916
13300111118917
13300111118961
13300111118971
13300111119168
13300111119178
13300111119186
13300111119187
13300111119618
13300111119681
13300111119718
13300111119781
13300111119816
13300111119817
13300111119861
13300111119871
13300111161189
13300111161198
13300111161819
13300111161891
13300111161918
13300111161981
13300111168119
13300111168191
13300111168911
13300111169118
13300111169181
13300111169811
13300111171189
13300111171198
13300111171819
13300111171891
13300111171918
13300111171981
13300111178119
13300111178191
13300111178911
13300111179118
13300111179181
13300111179811
13300111181169
13300111181179
13300111181196
13300111181197
13300111181619
13300111181691
13300111181719
13300111181791
13300111181916
13300111181917
13300111181961
13300111181971
13300111186119
13300111186191
13300111186911
13300111187119
13300111187191
13300111187911
13300111189116
13300111189117
13300111189161
13300111189171
13300111189611
13300111189711
13300111191168
13300111191178
13300111191186
13300111191187
13300111191618
13300111191681
13300111191718
13300111191781
13300111191816
13300111191817
13300111191861
13300111191871
13300111196118
13300111196181
13300111196811
13300111197118
13300111197181
13300111197811
13300111198116
13300111198117
13300111198161
13300111198171
13300111198611
13300111198711
13300111611189
13300111611198
13300111611819
13300111611891
13300111611918
13300111611981
13300111618119
13300111618191
13300111618911
13300111619118
13300111619181
13300111619811
13300111681119
13300111681191
13300111681911
13300111689111
13300111691118
13300111691181
13300111691811
13300111698111
13300111711189
13300111711198
13300111711819
13300111711891
13300111711918
13300111711981
13300111718119
13300111718191
13300111718911
13300111719118
13300111719181
13300111719811
13300111781119
13300111781191
13300111781911
13300111789111
13300111791118
13300111791181
13300111791811
13300111798111
13300111811169
13300111811179
13300111811196
13300111811197
13300111811619
13300111811691
13300111811719
13300111811791
13300111811916
13300111811917
13300111811961
13300111811971
13300111816119
13300111816191
13300111816911
13300111817119
13300111817191
13300111817911
13300111819116
13300111819117
13300111819161
13300111819171
13300111819611
13300111819711
13300111861119
13300111861191
13300111861911
13300111869111
13300111871119
13300111871191
13300111871911
13300111879111
13300111891116
13300111891117
13300111891161
13300111891171
13300111891611
13300111891711
13300111896111
13300111897111
13300111911168
13300111911178
13300111911186
13300111911187
13300111911618
13300111911681
13300111911718
13300111911781
13300111911816
13300111911817
13300111911861
13300111911871
13300111916118
13300111916181
13300111916811
13300111917118
13300111917181
13300111917811
13300111918116
13300111918117
13300111918161
13300111918171
13300111918611
13300111918711
13300111961118
13300111961181
13300111961811
13300111968111
13300111971118
13300111971181
13300111971811
13300111978111
13300111981116
13300111981117
13300111981161
13300111981171
13300111981611
13300111981711
13300111986111
13300111987111
13302116111163
13302116111173
13302116111613
13302116111713
13300116115116
13300116115117
13300116115161
13300116115171
13300116115611
13300116115711
13302116161113
13300116165111
13302116171113
13300116175111
13302116611113
13300116615111
13302116711113
13300116715111
13302117111163
13302117111173
13302117111613
13302117111713
13300117115116
13300117115117
13300117115161
13300117115171
13300117115611
13300117115711
13302117161113
13300117165111
13302117171113
13300117175111
13302117611113
13300117615111
13302117711113
13300117715111
13302118111169
13302118111179
13302118111619
13302118111719
13302118116119
13302118117119
13301118119116
13301118119117
13301118119161
13301118119171
13301118119611
13301118119711
13302118161119
13301118169111
13302118171119
13301118179111
13302118611119
13301118619111
13302118711119
13301118719111
13302119111168
13302119111178
13302119111618
13302119111718
13302119116118
13302119117118
13301119118116
13301119118117
13301119118161
13301119118171
13301119118611
13301119118711
13302119161118
13301119168111
13302119171118
13301119178111
13302119611118
13301119618111
13302119711118
13301119718111
13302161111631
13302161111731
13302161116131
13302161117131
13300161151116
13300161151117
13300161151161
13300161151171
13300161151611
13300161151711
13300161156111
13300161157111
13302161611131
13300161651111
13302161711131
13300161751111
13302166111131
13302167111131
13302171111631
13302171111731
13302171116131
13302171117131
13300171151116
13300171151117
13300171151161
13300171151171
13300171151611
13300171151711
13300171156111
13300171157111
13302171611131
13300171651111
13302171711131
13300171751111
13302176111131
13302177111131
13302181111691
13302181111791
13302181116191
13302181117191
13302181161191
13302181171191
13301181191116
13301181191117
13301181191161
13301181191171
13301181191611
13301181191711
13302181611191
13301181691111
13302181711191
13301181791111
13302186111191
13301186191111
13302187111191
13301187191111
13302191111681
13302191111781
13302191116181
13302191117181
13302191161181
13302191171181
13301191181116
13301191181117
13301191181161
13301191181171
13301191181611
13301191181711
13302191611181
13301191681111
13302191711181
13301191781111
13302196111181
13301196181111
13302197111181
13301197181111
13302711116311
13302711117311
13302711161311
13302711171311
13300711511116
13300711511117
13300711511161
13300711511171
13300711511611
13300711511711
13300711516111
13300711517111
13300711561111
13300711571111
13302716111311
13302717111311
13302761111311
13302771111311
13302811116911
13302811117911
13302811161911
13302811171911
13302811611911
13302811711911
13301811911116
13301811911117
13301811911161
13301811911171
13301811911611
13301811911711
13302816111911
13301816911111
13302817111911
13301817911111
13302861111911
13301861911111
13302871111911
13301871911111
