13322111111333
13322111112133
13322111112313
13322111112331
13322111113133
13322111113313
13322111113331
13322111114133
13322111114313
13322111114331
13322111115133
13322111115313
13322111115331
13322111121133
13322111121313
13322111121331
13322111122113
13322111122131
13322111122311
13322111123113
13322111123131
13322111123311
13322111124113
13322111124131
13322111124311
13322111125113
13322111125131
13322111125311
13322111131133
13322111131313
13322111131331
13322111132113
13322111132131
13322111132311
13322111133113
13322111133131
13322111133311
13322111134113
13322111134131
13322111134311
13322111135113
13322111135131
13322111135311
13322111141133
13322111141313
13322111141331
13322111142113
13322111142131
13322111142311
13322111143113
13322111143131
13322111143311
13322111144113
13322111144131
13322111144311
13322111145113
13322111145131
13322111145311
13322111151133
13322111151313
13322111151331
13322111152113
13322111152131
13322111152311
13322111153113
13322111153131
13322111153311
13322111154113
13322111154131
13322111154311
13322111155113
13322111155131
13322111155311
13322111211133
13322111211313
13322111211331
13322111212113
13322111212131
13322111212311
13322111213113
13322111213131
13322111213311
13322111214113
13322111214131
13322111214311
13322111215113
13322111215131
13322111215311
13322111221113
13322111221131
13322111221311
13322111222111
13322111223111
13322111224111
13322111225111
13322111231113
13322111231131
13322111231311
13322111232111
13322111233111
13322111234111
13322111235111
13322111241113
13322111241131
13322111241311
13322111242111
13322111243111
13322111244111
13322111245111
13322111251113
13322111251131
13322111251311
13322111252111
13322111253111
13322111254111
13322111255111
13322111311133
13322111311313
13322111311331
13322111312113
13322111312131
13322111312311
13322111313113
13322111313131
13322111313311
13322111314113
13322111314131
13322111314311
13322111315113
13322111315131
13322111315311
13322111321113
13322111321131
13322111321311
13322111322111
13322111323111
13322111324111
13322111325111
13322111331113
13322111331131
13322111331311
13322111332111
13322111333111
13322111334111
13322111335111
13322111341113
13322111341131
13322111341311
13322111342111
13322111343111
13322111344111
13322111345111
13322111351113
13322111351131
13322111351311
13322111352111
13322111353111
13322111354111
13322111355111
13322111411133
13322111411313
13322111411331
13322111412113
13322111412131
13322111412311
13322111413113
13322111413131
13322111413311
13322111414113
13322111414131
13322111414311
13322111415113
13322111415131
13322111415311
13322111421113
13322111421131
13322111421311
13322111422111
13322111423111
13322111424111
13322111425111
13322111431113
13322111431131
13322111431311
13322111432111
13322111433111
13322111434111
13322111435111
13322111441113
13322111441131
13322111441311
13322111442111
13322111443111
13322111444111
13322111445111
13322111451113
13322111451131
13322111451311
13322111452111
13322111453111
13322111454111
13322111455111
13322111511133
13322111511313
13322111511331
13322111512113
13322111512131
13322111512311
13322111513113
13322111513131
13322111513311
13322111514113
13322111514131
13322111514311
13322111515113
13322111515131
13322111515311
13322111521113
13322111521131
13322111521311
13322111522111
13322111523111
13322111524111
13322111525111
13322111531113
13322111531131
13322111531311
13322111532111
13322111533111
13322111534111
13322111535111
13322111541113
13322111541131
13322111541311
13322111542111
13322111543111
13322111544111
13322111545111
13322111551113
13322111551131
13322111551311
13322111552111
13322111553111
13322111554111
13322111555111
13322112111133
13322112111313
13322112111331
13322112112113
13322112112131
13322112112311
13322112113113
13322112113131
13322112113311
13322112114113
13322112114131
13322112114311
13322112115113
13322112115131
13322112115311
13322112121113
13322112121131
13322112121311
13322112122111
13322112123111
13322112124111
13322112125111
13322112131113
13322112131131
13322112131311
13322112132111
13322112133111
13322112134111
13322112135111
13322112141113
13322112141131
13322112141311
13322112142111
13322112143111
13322112144111
13322112145111
13322112151113
13322112151131
13322112151311
13322112152111
13322112153111
13322112154111
13322112155111
13322112211113
13322112211131
13322112211311
13322112212111
13322112213111
13322112214111
13322112215111
13322112221111
13322112231111
13322112241111
13322112251111
13322112311113
13322112311131
13322112311311
13322112312111
13322112313111
13322112314111
13322112315111
13322112321111
13322112331111
13322112341111
13322112351111
13322112411113
13322112411131
13322112411311
13322112412111
13322112413111
13322112414111
13322112415111
13322112421111
13322112431111
13322112441111
13322112451111
13322112511113
13322112511131
13322112511311
13322112512111
13322112513111
13322112514111
13322112515111
13322112521111
13322112531111
13322112541111
13322112551111
13322113111133
13322113111313
13322113111331
13322113112113
13322113112131
13322113112311
13322113113113
13322113113131
13322113113311
13322113114113
13322113114131
13322113114311
13322113115113
13322113115131
13322113115311
13322113121113
13322113121131
13322113121311
13322113122111
13322113123111
13322113124111
13322113125111
13322113131113
13322113131131
13322113131311
13322113132111
13322113133111
13322113134111
13322113135111
13322113141113
13322113141131
13322113141311
13322113142111
13322113143111
13322113144111
13322113145111
13322113151113
13322113151131
13322113151311
13322113152111
13322113153111
13322113154111
13322113155111
13322113211113
13322113211131
13322113211311
13322113212111
13322113213111
13322113214111
13322113215111
13322113221111
13322113231111
13322113241111
13322113251111
13322113311113
13322113311131
13322113311311
13322113312111
13322113313111
13322113314111
13322113315111
13322113321111
13322113331111
13322113341111
13322113351111
13322113411113
13322113411131
13322113411311
13322113412111
13322113413111
13322113414111
13322113415111
13322113421111
13322113431111
13322113441111
13322113451111
13322113511113
13322113511131
13322113511311
13322113512111
13322113513111
13322113514111
13322113515111
13322113521111
13322113531111
13322113541111
13322113551111
13322114111133
13322114111313
13322114111331
13322114112113
13322114112131
13322114112311
13322114113113
13322114113131
13322114113311
13322114114113
13322114114131
13322114114311
13322114115113
13322114115131
13322114115311
13322114121113
13322114121131
13322114121311
13322114122111
13322114123111
13322114124111
13322114125111
13322114131113
13322114131131
13322114131311
13322114132111
13322114133111
13322114134111
13322114135111
13322114141113
13322114141131
13322114141311
13322114142111
13322114143111
13322114144111
13322114145111
13322114151113
13322114151131
13322114151311
13322114152111
13322114153111
13322114154111
13322114155111
13322114211113
13322114211131
13322114211311
13322114212111
13322114213111
13322114214111
13322114215111
13322114221111
13322114231111
13322114241111
13322114251111
13322114311113
13322114311131
13322114311311
13322114312111
13322114313111
13322114314111
13322114315111
13322114321111
13322114331111
13322114341111
13322114351111
13322114411113
13322114411131
13322114411311
13322114412111
13322114413111
13322114414111
13322114415111
13322114421111
13322114431111
13322114441111
13322114451111
13322114511113
13322114511131
13322114511311
13322114512111
13322114513111
13322114514111
13322114515111
13322114521111
13322114531111
13322114541111
13322114551111
13322115111133
13322115111313
13322115111331
13322115112113
13322115112131
13322115112311
13322115113113
13322115113131
13322115113311
13322115114113
13322115114131
13322115114311
13322115115113
13322115115131
13322115115311
13322115121113
13322115121131
13322115121311
13322115122111
13322115123111
13322115124111
13322115125111
13322115131113
13322115131131
13322115131311
13322115132111
13322115133111
13322115134111
13322115135111
13322115141113
13322115141131
13322115141311
13322115142111
13322115143111
13322115144111
13322115145111
13322115151113
13322115151131
13322115151311
13322115152111
13322115153111
13322115154111
13322115155111
13322115211113
13322115211131
13322115211311
13322115212111
13322115213111
13322115214111
13322115215111
13322115221111
13322115231111
13322115241111
13322115251111
13322115311113
13322115311131
13322115311311
13322115312111
13322115313111
13322115314111
13322115315111
13322115321111
13322115331111
13322115341111
13322115351111
13322115411113
13322115411131
13322115411311
13322115412111
13322115413111
13322115414111
13322115415111
13322115421111
13322115431111
13322115441111
13322115451111
13322115511113
13322115511131
13322115511311
13322115512111
13322115513111
13322115514111
13322115515111
13322115521111
13322115531111
13322115541111
13322115551111
13322121111133
13322121111313
13322121111331
13322121112113
13322121112131
13322121112311
13322121113113
13322121113131
13322121113311
13322121114113
13322121114131
13322121114311
13322121115113
13322121115131
13322121115311
13322121121113
13322121121131
13322121121311
13322121122111
13322121123111
13322121124111
13322121125111
13322121131113
13322121131131
13322121131311
13322121132111
13322121133111
13322121134111
13322121135111
13322121141113
13322121141131
13322121141311
13322121142111
13322121143111
13322121144111
13322121145111
13322121151113
13322121151131
13322121151311
13322121152111
13322121153111
13322121154111
13322121155111
13322121211113
13322121211131
13322121211311
13322121212111
13322121213111
13322121214111
13322121215111
13322121221111
13322121231111
13322121241111
13322121251111
13322121311113
13322121311131
13322121311311
13322121312111
13322121313111
13322121314111
13322121315111
13322121321111
13322121331111
13322121341111
13322121351111
13322121411113
13322121411131
13322121411311
13322121412111
13322121413111
13322121414111
13322121415111
13322121421111
13322121431111
13322121441111
13322121451111
13322121511113
13322121511131
13322121511311
13322121512111
13322121513111
13322121514111
13322121515111
13322121521111
13322121531111
13322121541111
13322121551111
13322122111113
13322122111131
13322122111311
13322122112111
13322122113111
13322122114111
13322122115111
13322122121111
13322122131111
13322122141111
13322122151111
13322122211111
13322122311111
13322122411111
13322122511111
13322123111113
13322123111131
13322123111311
13322123112111
13322123113111
13322123114111
13322123115111
13322123121111
13322123131111
13322123141111
13322123151111
13322123211111
13322123311111
13322123411111
13322123511111
13322124111113
13322124111131
13322124111311
13322124112111
13322124113111
13322124114111
13322124115111
13322124121111
13322124131111
13322124141111
13322124151111
13322124211111
13322124311111
13322124411111
13322124511111
13322125111113
13322125111131
13322125111311
13322125112111
13322125113111
13322125114111
13322125115111
13322125121111
13322125131111
13322125141111
13322125151111
13322125211111
13322125311111
13322125411111
13322125511111
13322131111133
13322131111313
13322131111331
13322131112113
13322131112131
13322131112311
13322131113113
13322131113131
13322131113311
13322131114113
13322131114131
13322131114311
13322131115113
13322131115131
13322131115311
13322131121113
13322131121131
13322131121311
13322131122111
13322131123111
13322131124111
13322131125111
13322131131113
13322131131131
13322131131311
13322131132111
13322131133111
13322131134111
13322131135111
13322131141113
13322131141131
13322131141311
13322131142111
13322131143111
13322131144111
13322131145111
13322131151113
13322131151131
13322131151311
13322131152111
13322131153111
13322131154111
13322131155111
13322131211113
13322131211131
13322131211311
13322131212111
13322131213111
13322131214111
13322131215111
13322131221111
13322131231111
13322131241111
13322131251111
13322131311113
13322131311131
13322131311311
13322131312111
13322131313111
13322131314111
13322131315111
13322131321111
13322131331111
13322131341111
13322131351111
13322131411113
13322131411131
13322131411311
13322131412111
13322131413111
13322131414111
13322131415111
13322131421111
13322131431111
13322131441111
13322131451111
13322131511113
13322131511131
13322131511311
13322131512111
13322131513111
13322131514111
13322131515111
13322131521111
13322131531111
13322131541111
13322131551111
13322132111113
13322132111131
13322132111311
13322132112111
13322132113111
13322132114111
13322132115111
13322132121111
13322132131111
13322132141111
13322132151111
13322132211111
13322132311111
13322132411111
13322132511111
13322133111113
13322133111131
13322133111311
13322133112111
13322133113111
13322133114111
13322133115111
13322133121111
13322133131111
13322133141111
13322133151111
13322133211111
13322133311111
13322133411111
13322133511111
13322134111113
13322134111131
13322134111311
13322134112111
13322134113111
13322134114111
13322134115111
13322134121111
13322134131111
13322134141111
13322134151111
13322134211111
13322134311111
13322134411111
13322134511111
13322135111113
13322135111131
13322135111311
13322135112111
13322135113111
13322135114111
13322135115111
13322135121111
13322135131111
13322135141111
13322135151111
13322135211111
13322135311111
13322135411111
13322135511111
13322141111133
13322141111313
13322141111331
13322141112113
13322141112131
13322141112311
13322141113113
13322141113131
13322141113311
13322141114113
13322141114131
13322141114311
13322141115113
13322141115131
13322141115311
13322141121113
13322141121131
13322141121311
13322141122111
13322141123111
13322141124111
13322141125111
13322141131113
13322141131131
13322141131311
13322141132111
13322141133111
13322141134111
13322141135111
13322141141113
13322141141131
13322141141311
13322141142111
13322141143111
13322141144111
13322141145111
13322141151113
13322141151131
13322141151311
13322141152111
13322141153111
13322141154111
13322141155111
13322141211113
13322141211131
13322141211311
13322141212111
13322141213111
13322141214111
13322141215111
13322141221111
13322141231111
13322141241111
13322141251111
13322141311113
13322141311131
13322141311311
13322141312111
13322141313111
13322141314111
13322141315111
13322141321111
13322141331111
13322141341111
13322141351111
13322141411113
13322141411131
13322141411311
13322141412111
13322141413111
13322141414111
13322141415111
13322141421111
13322141431111
13322141441111
13322141451111
13322141511113
13322141511131
13322141511311
13322141512111
13322141513111
13322141514111
13322141515111
13322141521111
13322141531111
13322141541111
13322141551111
13322142111113
13322142111131
13322142111311
13322142112111
13322142113111
13322142114111
13322142115111
13322142121111
13322142131111
13322142141111
13322142151111
13322142211111
13322142311111
13322142411111
13322142511111
13322143111113
13322143111131
13322143111311
13322143112111
13322143113111
13322143114111
13322143115111
13322143121111
13322143131111
13322143141111
13322143151111
13322143211111
13322143311111
13322143411111
13322143511111
13322144111113
13322144111131
13322144111311
13322144112111
13322144113111
13322144114111
13322144115111
13322144121111
13322144131111
13322144141111
13322144151111
13322144211111
13322144311111
13322144411111
13322144511111
13322145111113
13322145111131
13322145111311
13322145112111
13322145113111
13322145114111
13322145115111
13322145121111
13322145131111
13322145141111
13322145151111
13322145211111
13322145311111
13322145411111
13322145511111
13322151111133
13322151111313
13322151111331
13322151112113
13322151112131
13322151112311
13322151113113
13322151113131
13322151113311
13322151114113
13322151114131
13322151114311
13322151115113
13322151115131
13322151115311
13322151121113
13322151121131
13322151121311
13322151122111
13322151123111
13322151124111
13322151125111
13322151131113
13322151131131
13322151131311
13322151132111
13322151133111
13322151134111
13322151135111
13322151141113
13322151141131
13322151141311
13322151142111
13322151143111
13322151144111
13322151145111
13322151151113
13322151151131
13322151151311
13322151152111
13322151153111
13322151154111
13322151155111
13322151211113
13322151211131
13322151211311
13322151212111
13322151213111
13322151214111
13322151215111
13322151221111
13322151231111
13322151241111
13322151251111
13322151311113
13322151311131
13322151311311
13322151312111
13322151313111
13322151314111
13322151315111
13322151321111
13322151331111
13322151341111
13322151351111
13322151411113
13322151411131
13322151411311
13322151412111
13322151413111
13322151414111
13322151415111
13322151421111
13322151431111
13322151441111
13322151451111
13322151511113
13322151511131
13322151511311
13322151512111
13322151513111
13322151514111
13322151515111
13322151521111
13322151531111
13322151541111
13322151551111
13322152111113
13322152111131
13322152111311
13322152112111
13322152113111
13322152114111
13322152115111
13322152121111
13322152131111
13322152141111
13322152151111
13322152211111
13322152311111
13322152411111
13322152511111
13322153111113
13322153111131
13322153111311
13322153112111
13322153113111
13322153114111
13322153115111
13322153121111
13322153131111
13322153141111
13322153151111
13322153211111
13322153311111
13322153411111
13322153511111
13322154111113
13322154111131
13322154111311
13322154112111
13322154113111
13322154114111
13322154115111
13322154121111
13322154131111
13322154141111
13322154151111
13322154211111
13322154311111
13322154411111
13322154511111
13322155111113
13322155111131
13322155111311
13322155112111
13322155113111
13322155114111
13322155115111
13322155121111
13322155131111
13322155141111
13322155151111
13322155211111
13322155311111
13322155411111
13322155511111
13322211111133
13322211111313
13322211111331
13322211112113
13322211112131
13322211112311
13322211113113
13322211113131
13322211113311
13322211114113
13322211114131
13322211114311
13322211115113
13322211115131
13322211115311
13322211121113
13322211121131
13322211121311
13322211122111
13322211123111
13322211124111
13322211125111
13322211131113
13322211131131
13322211131311
13322211132111
13322211133111
13322211134111
13322211135111
13322211141113
13322211141131
13322211141311
13322211142111
13322211143111
13322211144111
13322211145111
13322211151113
13322211151131
13322211151311
13322211152111
13322211153111
13322211154111
13322211155111
13322211211113
13322211211131
13322211211311
13322211212111
13322211213111
13322211214111
13322211215111
13322211221111
13322211231111
13322211241111
13322211251111
13322211311113
13322211311131
13322211311311
13322211312111
13322211313111
13322211314111
13322211315111
13322211321111
13322211331111
13322211341111
13322211351111
13322211411113
13322211411131
13322211411311
13322211412111
13322211413111
13322211414111
13322211415111
13322211421111
13322211431111
13322211441111
13322211451111
13322211511113
13322211511131
13322211511311
13322211512111
13322211513111
13322211514111
13322211515111
13322211521111
13322211531111
13322211541111
13322211551111
13322212111113
13322212111131
13322212111311
13322212112111
13322212113111
13322212114111
13322212115111
13322212121111
13322212131111
13322212141111
13322212151111
13322212211111
13322212311111
13322212411111
13322212511111
13322213111113
13322213111131
13322213111311
13322213112111
13322213113111
13322213114111
13322213115111
13322213121111
13322213131111
13322213141111
13322213151111
13322213211111
13322213311111
13322213411111
13322213511111
13322214111113
13322214111131
13322214111311
13322214112111
13322214113111
13322214114111
13322214115111
13322214121111
13322214131111
13322214141111
13322214151111
13322214211111
13322214311111
13322214411111
13322214511111
13322215111113
13322215111131
13322215111311
13322215112111
13322215113111
13322215114111
13322215115111
13322215121111
13322215131111
13322215141111
13322215151111
13322215211111
13322215311111
13322215411111
13322215511111
13322221111113
13322221111131
13322221111311
13322221112111
13322221113111
13322221114111
13322221115111
13322221121111
13322221131111
13322221141111
13322221151111
13322221211111
13322221311111
13322221411111
13322221511111
13322222111111
13322223111111
13322224111111
13322225111111
13322231111113
13322231111131
13322231111311
13322231112111
13322231113111
13322231114111
13322231115111
13322231121111
13322231131111
13322231141111
13322231151111
13322231211111
13322231311111
13322231411111
13322231511111
13322232111111
13322233111111
13322234111111
13322235111111
13322241111113
13322241111131
13322241111311
13322241112111
13322241113111
13322241114111
13322241115111
13322241121111
13322241131111
13322241141111
13322241151111
13322241211111
13322241311111
13322241411111
13322241511111
13322242111111
13322243111111
13322244111111
13322245111111
13322251111113
13322251111131
13322251111311
13322251112111
13322251113111
13322251114111
13322251115111
13322251121111
13322251131111
13322251141111
13322251151111
13322251211111
13322251311111
13322251411111
13322251511111
13322252111111
13322253111111
13322254111111
13322255111111
13322311111133
13322311111313
13322311111331
13322311112113
13322311112131
13322311112311
13322311113113
13322311113131
13322311113311
13322311114113
13322311114131
13322311114311
13322311115113
13322311115131
13322311115311
13322311121113
13322311121131
13322311121311
13322311122111
13322311123111
13322311124111
13322311125111
13322311131113
13322311131131
13322311131311
13322311132111
13322311133111
13322311134111
13322311135111
13322311141113
13322311141131
13322311141311
13322311142111
13322311143111
13322311144111
13322311145111
13322311151113
13322311151131
13322311151311
13322311152111
13322311153111
13322311154111
13322311155111
13322311211113
13322311211131
13322311211311
13322311212111
13322311213111
13322311214111
13322311215111
13322311221111
13322311231111
13322311241111
13322311251111
13322311311113
13322311311131
13322311311311
13322311312111
13322311313111
13322311314111
13322311315111
13322311321111
13322311331111
13322311341111
13322311351111
13322311411113
13322311411131
13322311411311
13322311412111
13322311413111
13322311414111
13322311415111
13322311421111
13322311431111
13322311441111
13322311451111
13322311511113
13322311511131
13322311511311
13322311512111
13322311513111
13322311514111
13322311515111
13322311521111
13322311531111
13322311541111
13322311551111
13322312111113
13322312111131
13322312111311
13322312112111
13322312113111
13322312114111
13322312115111
13322312121111
13322312131111
13322312141111
13322312151111
13322312211111
13322312311111
13322312411111
13322312511111
13322313111113
13322313111131
13322313111311
13322313112111
13322313113111
13322313114111
13322313115111
13322313121111
13322313131111
13322313141111
13322313151111
13322313211111
13322313311111
13322313411111
13322313511111
13322314111113
13322314111131
13322314111311
13322314112111
13322314113111
13322314114111
13322314115111
13322314121111
13322314131111
13322314141111
13322314151111
13322314211111
13322314311111
13322314411111
13322314511111
13322315111113
13322315111131
13322315111311
13322315112111
13322315113111
13322315114111
13322315115111
13322315121111
13322315131111
13322315141111
13322315151111
13322315211111
13322315311111
13322315411111
13322315511111
13322321111113
13322321111131
13322321111311
13322321112111
13322321113111
13322321114111
13322321115111
13322321121111
13322321131111
13322321141111
13322321151111
13322321211111
13322321311111
13322321411111
13322321511111
13322322111111
13322323111111
13322324111111
13322325111111
13322331111113
13322331111131
13322331111311
13322331112111
13322331113111
13322331114111
13322331115111
13322331121111
13322331131111
13322331141111
13322331151111
13322331211111
13322331311111
13322331411111
13322331511111
13322332111111
13322333111111
13322334111111
13322335111111
13322341111113
13322341111131
13322341111311
13322341112111
13322341113111
13322341114111
13322341115111
13322341121111
13322341131111
13322341141111
13322341151111
13322341211111
13322341311111
13322341411111
13322341511111
13322342111111
13322343111111
13322344111111
13322345111111
13322351111113
13322351111131
13322351111311
13322351112111
13322351113111
13322351114111
13322351115111
13322351121111
13322351131111
13322351141111
13322351151111
13322351211111
13322351311111
13322351411111
13322351511111
13322352111111
13322353111111
13322354111111
13322355111111
13322411111133
13322411111313
13322411111331
13322411112113
13322411112131
13322411112311
13322411113113
13322411113131
13322411113311
13322411114113
13322411114131
13322411114311
13322411115113
13322411115131
13322411115311
13322411121113
13322411121131
13322411121311
13322411122111
13322411123111
13322411124111
13322411125111
13322411131113
13322411131131
13322411131311
13322411132111
13322411133111
13322411134111
13322411135111
13322411141113
13322411141131
13322411141311
13322411142111
13322411143111
13322411144111
13322411145111
13322411151113
13322411151131
13322411151311
13322411152111
13322411153111
13322411154111
13322411155111
13322411211113
13322411211131
13322411211311
13322411212111
13322411213111
13322411214111
13322411215111
13322411221111
13322411231111
13322411241111
13322411251111
13322411311113
13322411311131
13322411311311
13322411312111
13322411313111
13322411314111
13322411315111
13322411321111
13322411331111
13322411341111
13322411351111
13322411411113
13322411411131
13322411411311
13322411412111
13322411413111
13322411414111
13322411415111
13322411421111
13322411431111
13322411441111
13322411451111
13322411511113
13322411511131
13322411511311
13322411512111
13322411513111
13322411514111
13322411515111
13322411521111
13322411531111
13322411541111
13322411551111
13322412111113
13322412111131
13322412111311
13322412112111
13322412113111
13322412114111
13322412115111
13322412121111
13322412131111
13322412141111
13322412151111
13322412211111
13322412311111
13322412411111
13322412511111
13322413111113
13322413111131
13322413111311
13322413112111
13322413113111
13322413114111
13322413115111
13322413121111
13322413131111
13322413141111
13322413151111
13322413211111
13322413311111
13322413411111
13322413511111
13322414111113
13322414111131
13322414111311
13322414112111
13322414113111
13322414114111
13322414115111
13322414121111
13322414131111
13322414141111
13322414151111
13322414211111
13322414311111
13322414411111
13322414511111
13322415111113
13322415111131
13322415111311
13322415112111
13322415113111
13322415114111
13322415115111
13322415121111
13322415131111
13322415141111
13322415151111
13322415211111
13322415311111
13322415411111
13322415511111
13322421111113
13322421111131
13322421111311
13322421112111
13322421113111
13322421114111
13322421115111
13322421121111
13322421131111
13322421141111
13322421151111
13322421211111
13322421311111
13322421411111
13322421511111
13322422111111
13322423111111
13322424111111
13322425111111
13322431111113
13322431111131
13322431111311
13322431112111
13322431113111
13322431114111
13322431115111
13322431121111
13322431131111
13322431141111
13322431151111
13322431211111
13322431311111
13322431411111
13322431511111
13322432111111
13322433111111
13322434111111
13322435111111
13322441111113
13322441111131
13322441111311
13322441112111
13322441113111
13322441114111
13322441115111
13322441121111
13322441131111
13322441141111
13322441151111
13322441211111
13322441311111
13322441411111
13322441511111
13322442111111
13322443111111
13322444111111
13322445111111
13322451111113
13322451111131
13322451111311
13322451112111
13322451113111
13322451114111
13322451115111
13322451121111
13322451131111
13322451141111
13322451151111
13322451211111
13322451311111
13322451411111
13322451511111
13322452111111
13322453111111
13322454111111
13322455111111
13322511111133
13322511111313
13322511111331
13322511112113
13322511112131
13322511112311
13322511113113
13322511113131
13322511113311
13322511114113
13322511114131
13322511114311
13322511115113
13322511115131
13322511115311
13322511121113
13322511121131
13322511121311
13322511122111
13322511123111
13322511124111
13322511125111
13322511131113
13322511131131
13322511131311
13322511132111
13322511133111
13322511134111
13322511135111
13322511141113
13322511141131
13322511141311
13322511142111
13322511143111
13322511144111
13322511145111
13322511151113
13322511151131
13322511151311
13322511152111
13322511153111
13322511154111
13322511155111
13322511211113
13322511211131
13322511211311
13322511212111
13322511213111
13322511214111
13322511215111
13322511221111
13322511231111
13322511241111
13322511251111
13322511311113
13322511311131
13322511311311
13322511312111
13322511313111
13322511314111
13322511315111
13322511321111
13322511331111
13322511341111
13322511351111
13322511411113
13322511411131
13322511411311
13322511412111
13322511413111
13322511414111
13322511415111
13322511421111
13322511431111
13322511441111
13322511451111
13322511511113
13322511511131
13322511511311
13322511512111
13322511513111
13322511514111
13322511515111
13322511521111
13322511531111
13322511541111
13322511551111
13322512111113
13322512111131
13322512111311
13322512112111
13322512113111
13322512114111
13322512115111
13322512121111
13322512131111
13322512141111
13322512151111
13322512211111
13322512311111
13322512411111
13322512511111
13322513111113
13322513111131
13322513111311
13322513112111
13322513113111
13322513114111
13322513115111
13322513121111
13322513131111
13322513141111
13322513151111
13322513211111
13322513311111
13322513411111
13322513511111
13322514111113
13322514111131
13322514111311
13322514112111
13322514113111
13322514114111
13322514115111
13322514121111
13322514131111
13322514141111
13322514151111
13322514211111
13322514311111
13322514411111
13322514511111
13322515111113
13322515111131
13322515111311
13322515112111
13322515113111
13322515114111
13322515115111
13322515121111
13322515131111
13322515141111
13322515151111
13322515211111
13322515311111
13322515411111
13322515511111
13322521111113
13322521111131
13322521111311
13322521112111
13322521113111
13322521114111
13322521115111
13322521121111
13322521131111
13322521141111
13322521151111
13322521211111
13322521311111
13322521411111
13322521511111
13322522111111
13322523111111
13322524111111
13322525111111
13322531111113
13322531111131
13322531111311
13322531112111
13322531113111
13322531114111
13322531115111
13322531121111
13322531131111
13322531141111
13322531151111
13322531211111
13322531311111
13322531411111
13322531511111
13322532111111
13322533111111
13322534111111
13322535111111
13322541111113
13322541111131
13322541111311
13322541112111
13322541113111
13322541114111
13322541115111
13322541121111
13322541131111
13322541141111
13322541151111
13322541211111
13322541311111
13322541411111
13322541511111
13322542111111
13322543111111
13322544111111
13322545111111
13322551111113
13322551111131
13322551111311
13322551112111
13322551113111
13322551114111
13322551115111
13322551121111
13322551131111
13322551141111
13322551151111
13322551211111
13322551311111
13322551411111
13322551511111
13322552111111
13322553111111
13322554111111
13322555111111
13311111111222
13311111111223
13311111111224
13311111111225
13311111111232
13311111111233
13311111111234
13311111111235
13311111111242
13311111111243
13311111111244
13311111111245
13311111111252
13311111111253
13311111111254
13311111111255
13311111111322
13311111111323
13311111111324
13311111111325
13311111111332
13311111111333
13311111111334
13311111111335
13311111111342
13311111111343
13311111111344
13311111111345
13311111111352
13311111111353
13311111111354
13311111111355
13311111111422
13311111111423
13311111111424
13311111111425
13311111111432
13311111111433
13311111111434
13311111111435
13311111111442
13311111111443
13311111111444
13311111111445
13311111111452
13311111111453
13311111111454
13311111111455
13311111111522
13311111111523
13311111111524
13311111111525
13311111111532
13311111111533
13311111111534
13311111111535
13311111111542
13311111111543
13311111111544
13311111111545
13311111111552
13311111111553
13311111111554
13311111111555
13311111113122
13311111113123
13311111113124
13311111113125
13311111113132
13311111113133
13311111113134
13311111113135
13311111113142
13311111113143
13311111113144
13311111113145
13311111113152
13311111113153
13311111113154
13311111113155
13311111113212
13311111113213
13311111113214
13311111113215
13311111113221
13311111113231
13311111113241
13311111113251
13311111113312
13311111113313
13311111113314
13311111113315
13311111113321
13311111113331
13311111113341
13311111113351
13311111113412
13311111113413
13311111113414
13311111113415
13311111113421
13311111113431
13311111113441
13311111113451
13311111113512
13311111113513
13311111113514
13311111113515
13311111113521
13311111113531
13311111113541
13311111113551
13311111131122
13311111131123
13311111131124
13311111131125
13311111131132
13311111131133
13311111131134
13311111131135
13311111131142
13311111131143
13311111131144
13311111131145
13311111131152
13311111131153
13311111131154
13311111131155
13311111131212
13311111131213
13311111131214
13311111131215
13311111131221
13311111131231
13311111131241
13311111131251
13311111131312
13311111131313
13311111131314
13311111131315
13311111131321
13311111131331
13311111131341
13311111131351
13311111131412
13311111131413
13311111131414
13311111131415
13311111131421
13311111131431
13311111131441
13311111131451
13311111131512
13311111131513
13311111131514
13311111131515
13311111131521
13311111131531
13311111131541
13311111131551
13311111133112
13311111133113
13311111133114
13311111133115
13311111133121
13311111133131
13311111133141
13311111133151
13311111133211
13311111133311
13311111133411
13311111133511
13311111311122
13311111311123
13311111311124
13311111311125
13311111311132
13311111311133
13311111311134
13311111311135
13311111311142
13311111311143
13311111311144
13311111311145
13311111311152
13311111311153
13311111311154
13311111311155
13311111311212
13311111311213
13311111311214
13311111311215
13311111311221
13311111311231
13311111311241
13311111311251
13311111311312
13311111311313
13311111311314
13311111311315
13311111311321
13311111311331
13311111311341
13311111311351
13311111311412
13311111311413
13311111311414
13311111311415
13311111311421
13311111311431
13311111311441
13311111311451
13311111311512
13311111311513
13311111311514
13311111311515
13311111311521
13311111311531
13311111311541
13311111311551
13311111313112
13311111313113
13311111313114
13311111313115
13311111313121
13311111313131
13311111313141
13311111313151
13311111313211
13311111313311
13311111313411
13311111313511
13311111331112
13311111331113
13311111331114
13311111331115
13311111331121
13311111331131
13311111331141
13311111331151
13311111331211
13311111331311
13311111331411
13311111331511
13311111333111
13311112111122
13311112111123
13311112111124
13311112111125
13311112111132
13311112111133
13311112111134
13311112111135
13311112111142
13311112111143
13311112111144
13311112111145
13311112111152
13311112111153
13311112111154
13311112111155
13311112111212
13311112111213
13311112111214
13311112111215
13311112111221
13311112111231
13311112111241
13311112111251
13311112111312
13311112111313
13311112111314
13311112111315
13311112111321
13311112111331
13311112111341
13311112111351
13311112111412
13311112111413
13311112111414
13311112111415
13311112111421
13311112111431
13311112111441
13311112111451
13311112111512
13311112111513
13311112111514
13311112111515
13311112111521
13311112111531
13311112111541
13311112111551
13311112113112
13311112113113
13311112113114
13311112113115
13311112113121
13311112113131
13311112113141
13311112113151
13311112113211
13311112113311
13311112113411
13311112113511
13311112131112
13311112131113
13311112131114
13311112131115
13311112131121
13311112131131
13311112131141
13311112131151
13311112131211
13311112131311
13311112131411
13311112131511
13311112133111
13311112311112
13311112311113
13311112311114
13311112311115
13311112311121
13311112311131
13311112311141
13311112311151
13311112311211
13311112311311
13311112311411
13311112311511
13311112313111
13311112331111
13311113111122
13311113111123
13311113111124
13311113111125
13311113111132
13311113111133
13311113111134
13311113111135
13311113111142
13311113111143
13311113111144
13311113111145
13311113111152
13311113111153
13311113111154
13311113111155
13311113111212
13311113111213
13311113111214
13311113111215
13311113111221
13311113111231
13311113111241
13311113111251
13311113111312
13311113111313
13311113111314
13311113111315
13311113111321
13311113111331
13311113111341
13311113111351
13311113111412
13311113111413
13311113111414
13311113111415
13311113111421
13311113111431
13311113111441
13311113111451
13311113111512
13311113111513
13311113111514
13311113111515
13311113111521
13311113111531
13311113111541
13311113111551
13311113113112
13311113113113
13311113113114
13311113113115
13311113113121
13311113113131
13311113113141
13311113113151
13311113113211
13311113113311
13311113113411
13311113113511
13311113131112
13311113131113
13311113131114
13311113131115
13311113131121
13311113131131
13311113131141
13311113131151
13311113131211
13311113131311
13311113131411
13311113131511
13311113133111
13311113311112
13311113311113
13311113311114
13311113311115
13311113311121
13311113311131
13311113311141
13311113311151
13311113311211
13311113311311
13311113311411
13311113311511
13311113313111
13311113331111
13311114111122
13311114111123
13311114111124
13311114111125
13311114111132
13311114111133
13311114111134
13311114111135
13311114111142
13311114111143
13311114111144
13311114111145
13311114111152
13311114111153
13311114111154
13311114111155
13311114111212
13311114111213
13311114111214
13311114111215
13311114111221
13311114111231
13311114111241
13311114111251
13311114111312
13311114111313
13311114111314
13311114111315
13311114111321
13311114111331
13311114111341
13311114111351
13311114111412
13311114111413
13311114111414
13311114111415
13311114111421
13311114111431
13311114111441
13311114111451
13311114111512
13311114111513
13311114111514
13311114111515
13311114111521
13311114111531
13311114111541
13311114111551
13311114113112
13311114113113
13311114113114
13311114113115
13311114113121
13311114113131
13311114113141
13311114113151
13311114113211
13311114113311
13311114113411
13311114113511
13311114131112
13311114131113
13311114131114
13311114131115
13311114131121
13311114131131
13311114131141
13311114131151
13311114131211
13311114131311
13311114131411
13311114131511
13311114133111
13311114311112
13311114311113
13311114311114
13311114311115
13311114311121
13311114311131
13311114311141
13311114311151
13311114311211
13311114311311
13311114311411
13311114311511
13311114313111
13311114331111
13311115111122
13311115111123
13311115111124
13311115111125
13311115111132
13311115111133
13311115111134
13311115111135
13311115111142
13311115111143
13311115111144
13311115111145
13311115111152
13311115111153
13311115111154
13311115111155
13311115111212
13311115111213
13311115111214
13311115111215
13311115111221
13311115111231
13311115111241
13311115111251
13311115111312
13311115111313
13311115111314
13311115111315
13311115111321
13311115111331
13311115111341
13311115111351
13311115111412
13311115111413
13311115111414
13311115111415
13311115111421
13311115111431
13311115111441
13311115111451
13311115111512
13311115111513
13311115111514
13311115111515
13311115111521
13311115111531
13311115111541
13311115111551
13311115113112
13311115113113
13311115113114
13311115113115
13311115113121
13311115113131
13311115113141
13311115113151
13311115113211
13311115113311
13311115113411
13311115113511
13311115131112
13311115131113
13311115131114
13311115131115
13311115131121
13311115131131
13311115131141
13311115131151
13311115131211
13311115131311
13311115131411
13311115131511
13311115133111
13311115311112
13311115311113
13311115311114
13311115311115
13311115311121
13311115311131
13311115311141
13311115311151
13311115311211
13311115311311
13311115311411
13311115311511
13311115313111
13311115331111
13311121111122
13311121111123
13311121111124
13311121111125
13311121111132
13311121111133
13311121111134
13311121111135
13311121111142
13311121111143
13311121111144
13311121111145
13311121111152
13311121111153
13311121111154
13311121111155
13311121111212
13311121111213
13311121111214
13311121111215
13311121111221
13311121111231
13311121111241
13311121111251
13311121111312
13311121111313
13311121111314
13311121111315
13311121111321
13311121111331
13311121111341
13311121111351
13311121111412
13311121111413
13311121111414
13311121111415
13311121111421
13311121111431
13311121111441
13311121111451
13311121111512
13311121111513
13311121111514
13311121111515
13311121111521
13311121111531
13311121111541
13311121111551
13311121113112
13311121113113
13311121113114
13311121113115
13311121113121
13311121113131
13311121113141
13311121113151
13311121113211
13311121113311
13311121113411
13311121113511
13311121131112
13311121131113
13311121131114
13311121131115
13311121131121
13311121131131
13311121131141
13311121131151
13311121131211
13311121131311
13311121131411
13311121131511
13311121133111
13311121311112
13311121311113
13311121311114
13311121311115
13311121311121
13311121311131
13311121311141
13311121311151
13311121311211
13311121311311
13311121311411
13311121311511
13311121313111
13311121331111
13311122111112
13311122111113
13311122111114
13311122111115
13311122111121
13311122111131
13311122111141
13311122111151
13311122111211
13311122111311
13311122111411
13311122111511
13311122113111
13311122131111
13311122311111
13311123111112
13311123111113
13311123111114
13311123111115
13311123111121
13311123111131
13311123111141
13311123111151
13311123111211
13311123111311
13311123111411
13311123111511
13311123113111
13311123131111
13311123311111
13311124111112
13311124111113
13311124111114
13311124111115
13311124111121
13311124111131
13311124111141
13311124111151
13311124111211
13311124111311
13311124111411
13311124111511
13311124113111
13311124131111
13311124311111
13311125111112
13311125111113
13311125111114
13311125111115
13311125111121
13311125111131
13311125111141
13311125111151
13311125111211
13311125111311
13311125111411
13311125111511
13311125113111
13311125131111
13311125311111
13311131111122
13311131111123
13311131111124
13311131111125
13311131111132
13311131111133
13311131111134
13311131111135
13311131111142
13311131111143
13311131111144
13311131111145
13311131111152
13311131111153
13311131111154
13311131111155
13311131111212
13311131111213
13311131111214
13311131111215
13311131111221
13311131111231
13311131111241
13311131111251
13311131111312
13311131111313
13311131111314
13311131111315
13311131111321
13311131111331
13311131111341
13311131111351
13311131111412
13311131111413
13311131111414
13311131111415
13311131111421
13311131111431
13311131111441
13311131111451
13311131111512
13311131111513
13311131111514
13311131111515
13311131111521
13311131111531
13311131111541
13311131111551
13311131113112
13311131113113
13311131113114
13311131113115
13311131113121
13311131113131
13311131113141
13311131113151
13311131113211
13311131113311
13311131113411
13311131113511
13311131131112
13311131131113
13311131131114
13311131131115
13311131131121
13311131131131
13311131131141
13311131131151
13311131131211
13311131131311
13311131131411
13311131131511
13311131133111
13311131311112
13311131311113
13311131311114
13311131311115
13311131311121
13311131311131
13311131311141
13311131311151
13311131311211
13311131311311
13311131311411
13311131311511
13311131313111
13311131331111
13311132111112
13311132111113
13311132111114
13311132111115
13311132111121
13311132111131
13311132111141
13311132111151
13311132111211
13311132111311
13311132111411
13311132111511
13311132113111
13311132131111
13311132311111
13311133111112
13311133111113
13311133111114
13311133111115
13311133111121
13311133111131
13311133111141
13311133111151
13311133111211
13311133111311
13311133111411
13311133111511
13311133113111
13311133131111
13311133311111
13311134111112
13311134111113
13311134111114
13311134111115
13311134111121
13311134111131
13311134111141
13311134111151
13311134111211
13311134111311
13311134111411
13311134111511
13311134113111
13311134131111
13311134311111
13311135111112
13311135111113
13311135111114
13311135111115
13311135111121
13311135111131
13311135111141
13311135111151
13311135111211
13311135111311
13311135111411
13311135111511
13311135113111
13311135131111
13311135311111
13311141111122
13311141111123
13311141111124
13311141111125
13311141111132
13311141111133
13311141111134
13311141111135
13311141111142
13311141111143
13311141111144
13311141111145
13311141111152
13311141111153
13311141111154
13311141111155
13311141111212
13311141111213
13311141111214
13311141111215
13311141111221
13311141111231
13311141111241
13311141111251
13311141111312
13311141111313
13311141111314
13311141111315
13311141111321
13311141111331
13311141111341
13311141111351
13311141111412
13311141111413
13311141111414
13311141111415
13311141111421
13311141111431
13311141111441
13311141111451
13311141111512
13311141111513
13311141111514
13311141111515
13311141111521
13311141111531
13311141111541
13311141111551
13311141113112
13311141113113
13311141113114
13311141113115
13311141113121
13311141113131
13311141113141
13311141113151
13311141113211
13311141113311
13311141113411
13311141113511
13311141131112
13311141131113
13311141131114
13311141131115
13311141131121
13311141131131
13311141131141
13311141131151
13311141131211
13311141131311
13311141131411
13311141131511
13311141133111
13311141311112
13311141311113
13311141311114
13311141311115
13311141311121
13311141311131
13311141311141
13311141311151
13311141311211
13311141311311
13311141311411
13311141311511
13311141313111
13311141331111
13311142111112
13311142111113
13311142111114
13311142111115
13311142111121
13311142111131
13311142111141
13311142111151
13311142111211
13311142111311
13311142111411
13311142111511
13311142113111
13311142131111
13311142311111
13311143111112
13311143111113
13311143111114
13311143111115
13311143111121
13311143111131
13311143111141
13311143111151
13311143111211
13311143111311
13311143111411
13311143111511
13311143113111
13311143131111
13311143311111
13311144111112
13311144111113
13311144111114
13311144111115
13311144111121
13311144111131
13311144111141
13311144111151
13311144111211
13311144111311
13311144111411
13311144111511
13311144113111
13311144131111
13311144311111
13311145111112
13311145111113
13311145111114
13311145111115
13311145111121
13311145111131
13311145111141
13311145111151
13311145111211
13311145111311
13311145111411
13311145111511
13311145113111
13311145131111
13311145311111
13311151111122
13311151111123
13311151111124
13311151111125
13311151111132
13311151111133
13311151111134
13311151111135
13311151111142
13311151111143
13311151111144
13311151111145
13311151111152
13311151111153
13311151111154
13311151111155
13311151111212
13311151111213
13311151111214
13311151111215
13311151111221
13311151111231
13311151111241
13311151111251
13311151111312
13311151111313
13311151111314
13311151111315
13311151111321
13311151111331
13311151111341
13311151111351
13311151111412
13311151111413
13311151111414
13311151111415
13311151111421
13311151111431
13311151111441
13311151111451
13311151111512
13311151111513
13311151111514
13311151111515
13311151111521
13311151111531
13311151111541
13311151111551
13311151113112
13311151113113
13311151113114
13311151113115
13311151113121
13311151113131
13311151113141
13311151113151
13311151113211
13311151113311
13311151113411
13311151113511
13311151131112
13311151131113
13311151131114
13311151131115
13311151131121
13311151131131
13311151131141
13311151131151
13311151131211
13311151131311
13311151131411
13311151131511
13311151133111
13311151311112
13311151311113
13311151311114
13311151311115
13311151311121
13311151311131
13311151311141
13311151311151
13311151311211
13311151311311
13311151311411
13311151311511
13311151313111
13311151331111
13311152111112
13311152111113
13311152111114
13311152111115
13311152111121
13311152111131
13311152111141
13311152111151
13311152111211
13311152111311
13311152111411
13311152111511
13311152113111
13311152131111
13311152311111
13311153111112
13311153111113
13311153111114
13311153111115
13311153111121
13311153111131
13311153111141
13311153111151
13311153111211
13311153111311
13311153111411
13311153111511
13311153113111
13311153131111
13311153311111
13311154111112
13311154111113
13311154111114
13311154111115
13311154111121
13311154111131
13311154111141
13311154111151
13311154111211
13311154111311
13311154111411
13311154111511
13311154113111
13311154131111
13311154311111
13311155111112
13311155111113
13311155111114
13311155111115
13311155111121
13311155111131
13311155111141
13311155111151
13311155111211
13311155111311
13311155111411
13311155111511
13311155113111
13311155131111
13311155311111
13311211111122
13311211111123
13311211111124
13311211111125
13311211111132
13311211111133
13311211111134
13311211111135
13311211111142
13311211111143
13311211111144
13311211111145
13311211111152
13311211111153
13311211111154
13311211111155
13311211111212
13311211111213
13311211111214
13311211111215
13311211111221
13311211111231
13311211111241
13311211111251
13311211111312
13311211111313
13311211111314
13311211111315
13311211111321
13311211111331
13311211111341
13311211111351
13311211111412
13311211111413
13311211111414
13311211111415
13311211111421
13311211111431
13311211111441
13311211111451
13311211111512
13311211111513
13311211111514
13311211111515
13311211111521
13311211111531
13311211111541
13311211111551
13311211113112
13311211113113
13311211113114
13311211113115
13311211113121
13311211113131
13311211113141
13311211113151
13311211113211
13311211113311
13311211113411
13311211113511
13311211131112
13311211131113
13311211131114
13311211131115
13311211131121
13311211131131
13311211131141
13311211131151
13311211131211
13311211131311
13311211131411
13311211131511
13311211133111
13311211311112
13311211311113
13311211311114
13311211311115
13311211311121
13311211311131
13311211311141
13311211311151
13311211311211
13311211311311
13311211311411
13311211311511
13311211313111
13311211331111
13311212111112
13311212111113
13311212111114
13311212111115
13311212111121
13311212111131
13311212111141
13311212111151
13311212111211
13311212111311
13311212111411
13311212111511
13311212113111
13311212131111
13311212311111
13311213111112
13311213111113
13311213111114
13311213111115
13311213111121
13311213111131
13311213111141
13311213111151
13311213111211
13311213111311
13311213111411
13311213111511
13311213113111
13311213131111
13311213311111
13311214111112
13311214111113
13311214111114
13311214111115
13311214111121
13311214111131
13311214111141
13311214111151
13311214111211
13311214111311
13311214111411
13311214111511
13311214113111
13311214131111
13311214311111
13311215111112
13311215111113
13311215111114
13311215111115
13311215111121
13311215111131
13311215111141
13311215111151
13311215111211
13311215111311
13311215111411
13311215111511
13311215113111
13311215131111
13311215311111
13311221111112
13311221111113
13311221111114
13311221111115
13311221111121
13311221111131
13311221111141
13311221111151
13311221111211
13311221111311
13311221111411
13311221111511
13311221113111
13311221131111
13311221311111
13311222111111
13311223111111
13311224111111
13311225111111
13311231111112
13311231111113
13311231111114
13311231111115
13311231111121
13311231111131
13311231111141
13311231111151
13311231111211
13311231111311
13311231111411
13311231111511
13311231113111
13311231131111
13311231311111
13311232111111
13311233111111
13311234111111
13311235111111
13311241111112
13311241111113
13311241111114
13311241111115
13311241111121
13311241111131
13311241111141
13311241111151
13311241111211
13311241111311
13311241111411
13311241111511
13311241113111
13311241131111
13311241311111
13311242111111
13311243111111
13311244111111
13311245111111
13311251111112
13311251111113
13311251111114
13311251111115
13311251111121
13311251111131
13311251111141
13311251111151
13311251111211
13311251111311
13311251111411
13311251111511
13311251113111
13311251131111
13311251311111
13311252111111
13311253111111
13311254111111
13311255111111
13311311111122
13311311111123
13311311111124
13311311111125
13311311111132
13311311111133
13311311111134
13311311111135
13311311111142
13311311111143
13311311111144
13311311111145
13311311111152
13311311111153
13311311111154
13311311111155
13311311111212
13311311111213
13311311111214
13311311111215
13311311111221
13311311111231
13311311111241
13311311111251
13311311111312
13311311111313
13311311111314
13311311111315
13311311111321
13311311111331
13311311111341
13311311111351
13311311111412
13311311111413
13311311111414
13311311111415
13311311111421
13311311111431
13311311111441
13311311111451
13311311111512
13311311111513
13311311111514
13311311111515
13311311111521
13311311111531
13311311111541
13311311111551
13311311113112
13311311113113
13311311113114
13311311113115
13311311113121
13311311113131
13311311113141
13311311113151
13311311113211
13311311113311
13311311113411
13311311113511
13311311131112
13311311131113
13311311131114
13311311131115
13311311131121
13311311131131
13311311131141
13311311131151
13311311131211
13311311131311
13311311131411
13311311131511
13311311133111
13311311311112
13311311311113
13311311311114
13311311311115
13311311311121
13311311311131
13311311311141
13311311311151
13311311311211
13311311311311
13311311311411
13311311311511
13311311313111
13311311331111
13311312111112
13311312111113
13311312111114
13311312111115
13311312111121
13311312111131
13311312111141
13311312111151
13311312111211
13311312111311
13311312111411
13311312111511
13311312113111
13311312131111
13311312311111
13311313111112
13311313111113
13311313111114
13311313111115
13311313111121
13311313111131
13311313111141
13311313111151
13311313111211
13311313111311
13311313111411
13311313111511
13311313113111
13311313131111
13311313311111
13311314111112
13311314111113
13311314111114
13311314111115
13311314111121
13311314111131
13311314111141
13311314111151
13311314111211
13311314111311
13311314111411
13311314111511
13311314113111
13311314131111
13311314311111
13311315111112
13311315111113
13311315111114
13311315111115
13311315111121
13311315111131
13311315111141
13311315111151
13311315111211
13311315111311
13311315111411
13311315111511
13311315113111
13311315131111
13311315311111
13311321111112
13311321111113
13311321111114
13311321111115
13311321111121
13311321111131
13311321111141
13311321111151
13311321111211
13311321111311
13311321111411
13311321111511
13311321113111
13311321131111
13311321311111
13311322111111
13311323111111
13311324111111
13311325111111
13311331111112
13311331111113
13311331111114
13311331111115
13311331111121
13311331111131
13311331111141
13311331111151
13311331111211
13311331111311
13311331111411
13311331111511
13311331113111
13311331131111
13311331311111
13311332111111
13311333111111
13311334111111
13311335111111
13311341111112
13311341111113
13311341111114
13311341111115
13311341111121
13311341111131
13311341111141
13311341111151
13311341111211
13311341111311
13311341111411
13311341111511
13311341113111
13311341131111
13311341311111
13311342111111
13311343111111
13311344111111
13311345111111
13311351111112
13311351111113
13311351111114
13311351111115
13311351111121
13311351111131
13311351111141
13311351111151
13311351111211
13311351111311
13311351111411
13311351111511
13311351113111
13311351131111
13311351311111
13311352111111
13311353111111
13311354111111
13311355111111
13311411111122
13311411111123
13311411111124
13311411111125
13311411111132
13311411111133
13311411111134
13311411111135
13311411111142
13311411111143
13311411111144
13311411111145
13311411111152
13311411111153
13311411111154
13311411111155
13311411111212
13311411111213
13311411111214
13311411111215
13311411111221
13311411111231
13311411111241
13311411111251
13311411111312
13311411111313
13311411111314
13311411111315
13311411111321
13311411111331
13311411111341
13311411111351
13311411111412
13311411111413
13311411111414
13311411111415
13311411111421
13311411111431
13311411111441
13311411111451
13311411111512
13311411111513
13311411111514
13311411111515
13311411111521
13311411111531
13311411111541
13311411111551
13311411113112
13311411113113
13311411113114
13311411113115
13311411113121
13311411113131
13311411113141
13311411113151
13311411113211
13311411113311
13311411113411
13311411113511
13311411131112
13311411131113
13311411131114
13311411131115
13311411131121
13311411131131
13311411131141
13311411131151
13311411131211
13311411131311
13311411131411
13311411131511
13311411133111
13311411311112
13311411311113
13311411311114
13311411311115
13311411311121
13311411311131
13311411311141
13311411311151
13311411311211
13311411311311
13311411311411
13311411311511
13311411313111
13311411331111
13311412111112
13311412111113
13311412111114
13311412111115
13311412111121
13311412111131
13311412111141
13311412111151
13311412111211
13311412111311
13311412111411
13311412111511
13311412113111
13311412131111
13311412311111
13311413111112
13311413111113
13311413111114
13311413111115
13311413111121
13311413111131
13311413111141
13311413111151
13311413111211
13311413111311
13311413111411
13311413111511
13311413113111
13311413131111
13311413311111
13311414111112
13311414111113
13311414111114
13311414111115
13311414111121
13311414111131
13311414111141
13311414111151
13311414111211
13311414111311
13311414111411
13311414111511
13311414113111
13311414131111
13311414311111
13311415111112
13311415111113
13311415111114
13311415111115
13311415111121
13311415111131
13311415111141
13311415111151
13311415111211
13311415111311
13311415111411
13311415111511
13311415113111
13311415131111
13311415311111
13311421111112
13311421111113
13311421111114
13311421111115
13311421111121
13311421111131
13311421111141
13311421111151
13311421111211
13311421111311
13311421111411
13311421111511
13311421113111
13311421131111
13311421311111
13311422111111
13311423111111
13311424111111
13311425111111
13311431111112
13311431111113
13311431111114
13311431111115
13311431111121
13311431111131
13311431111141
13311431111151
13311431111211
13311431111311
13311431111411
13311431111511
13311431113111
13311431131111
13311431311111
13311432111111
13311433111111
13311434111111
13311435111111
13311441111112
13311441111113
13311441111114
13311441111115
13311441111121
13311441111131
13311441111141
13311441111151
13311441111211
13311441111311
13311441111411
13311441111511
13311441113111
13311441131111
13311441311111
13311442111111
13311443111111
13311444111111
13311445111111
13311451111112
13311451111113
13311451111114
13311451111115
13311451111121
13311451111131
13311451111141
13311451111151
13311451111211
13311451111311
13311451111411
13311451111511
13311451113111
13311451131111
13311451311111
13311452111111
13311453111111
13311454111111
13311455111111
13311511111122
13311511111123
13311511111124
13311511111125
13311511111132
13311511111133
13311511111134
13311511111135
13311511111142
13311511111143
13311511111144
13311511111145
13311511111152
13311511111153
13311511111154
13311511111155
13311511111212
13311511111213
13311511111214
13311511111215
13311511111221
13311511111231
13311511111241
13311511111251
13311511111312
13311511111313
13311511111314
13311511111315
13311511111321
13311511111331
13311511111341
13311511111351
13311511111412
13311511111413
13311511111414
13311511111415
13311511111421
13311511111431
13311511111441
13311511111451
13311511111512
13311511111513
13311511111514
13311511111515
13311511111521
13311511111531
13311511111541
13311511111551
13311511113112
13311511113113
13311511113114
13311511113115
13311511113121
13311511113131
13311511113141
13311511113151
13311511113211
13311511113311
13311511113411
13311511113511
13311511131112
13311511131113
13311511131114
13311511131115
13311511131121
13311511131131
13311511131141
13311511131151
13311511131211
13311511131311
13311511131411
13311511131511
13311511133111
13311511311112
13311511311113
13311511311114
13311511311115
13311511311121
13311511311131
13311511311141
13311511311151
13311511311211
13311511311311
13311511311411
13311511311511
13311511313111
13311511331111
13311512111112
13311512111113
13311512111114
13311512111115
13311512111121
13311512111131
13311512111141
13311512111151
13311512111211
13311512111311
13311512111411
13311512111511
13311512113111
13311512131111
13311512311111
13311513111112
13311513111113
13311513111114
13311513111115
13311513111121
13311513111131
13311513111141
13311513111151
13311513111211
13311513111311
13311513111411
13311513111511
13311513113111
13311513131111
13311513311111
13311514111112
13311514111113
13311514111114
13311514111115
13311514111121
13311514111131
13311514111141
13311514111151
13311514111211
13311514111311
13311514111411
13311514111511
13311514113111
13311514131111
13311514311111
13311515111112
13311515111113
13311515111114
13311515111115
13311515111121
13311515111131
13311515111141
13311515111151
13311515111211
13311515111311
13311515111411
13311515111511
13311515113111
13311515131111
13311515311111
13311521111112
13311521111113
13311521111114
13311521111115
13311521111121
13311521111131
13311521111141
13311521111151
13311521111211
13311521111311
13311521111411
13311521111511
13311521113111
13311521131111
13311521311111
13311522111111
13311523111111
13311524111111
13311525111111
13311531111112
13311531111113
13311531111114
13311531111115
13311531111121
13311531111131
13311531111141
13311531111151
13311531111211
13311531111311
13311531111411
13311531111511
13311531113111
13311531131111
13311531311111
13311532111111
13311533111111
13311534111111
13311535111111
13311541111112
13311541111113
13311541111114
13311541111115
13311541111121
13311541111131
13311541111141
13311541111151
13311541111211
13311541111311
13311541111411
13311541111511
13311541113111
13311541131111
13311541311111
13311542111111
13311543111111
13311544111111
13311545111111
13311551111112
13311551111113
13311551111114
13311551111115
13311551111121
13311551111131
13311551111141
13311551111151
13311551111211
13311551111311
13311551111411
13311551111511
13311551113111
13311551131111
13311551311111
13311552111111
13311553111111
13311554111111
13311555111111
13300111111222
13300111111223
13300111111224
13300111111225
13300111111232
13300111111233
13300111111234
13300111111235
13300111111242
13300111111243
13300111111244
13300111111245
13300111111252
13300111111253
13300111111254
13300111111255
13300111111322
13300111111323
13300111111324
13300111111325
13300111111332
13300111111333
13300111111334
13300111111335
13300111111342
13300111111343
13300111111344
13300111111345
13300111111352
13300111111353
13300111111354
13300111111355
13300111111422
13300111111423
13300111111424
13300111111425
13300111111432
13300111111433
13300111111434
13300111111435
13300111111442
13300111111443
13300111111444
13300111111445
13300111111452
13300111111453
13300111111454
13300111111455
13300111111522
13300111111523
13300111111524
13300111111525
13300111111532
13300111111533
13300111111534
13300111111535
13300111111542
13300111111543
13300111111544
13300111111545
13300111111552
13300111111553
13300111111554
13300111111555
13300111112122
13300111112123
13300111112124
13300111112125
13300111112132
13300111112133
13300111112134
13300111112135
13300111112142
13300111112143
13300111112144
13300111112145
13300111112152
13300111112153
13300111112154
13300111112155
13300111112212
13300111112213
13300111112214
13300111112215
13300111112221
13300111112231
13300111112241
13300111112251
13300111112312
13300111112313
13300111112314
13300111112315
13300111112321
13300111112331
13300111112341
13300111112351
13300111112412
13300111112413
13300111112414
13300111112415
13300111112421
13300111112431
13300111112441
13300111112451
13300111112512
13300111112513
13300111112514
13300111112515
13300111112521
13300111112531
13300111112541
13300111112551
13300111113122
13300111113123
13300111113124
13300111113125
13300111113132
13300111113133
13300111113134
13300111113135
13300111113142
13300111113143
13300111113144
13300111113145
13300111113152
13300111113153
13300111113154
13300111113155
13300111113212
13300111113213
13300111113214
13300111113215
13300111113221
13300111113231
13300111113241
13300111113251
13300111113312
13300111113313
13300111113314
13300111113315
13300111113321
13300111113331
13300111113341
13300111113351
13300111113412
13300111113413
13300111113414
13300111113415
13300111113421
13300111113431
13300111113441
13300111113451
13300111113512
13300111113513
13300111113514
13300111113515
13300111113521
13300111113531
13300111113541
13300111113551
13300111114122
13300111114123
13300111114124
13300111114125
13300111114132
13300111114133
13300111114134
13300111114135
13300111114142
13300111114143
13300111114144
13300111114145
13300111114152
13300111114153
13300111114154
13300111114155
13300111114212
13300111114213
13300111114214
13300111114215
13300111114221
13300111114231
13300111114241
13300111114251
13300111114312
13300111114313
13300111114314
13300111114315
13300111114321
13300111114331
13300111114341
13300111114351
13300111114412
13300111114413
13300111114414
13300111114415
13300111114421
13300111114431
13300111114441
13300111114451
13300111114512
13300111114513
13300111114514
13300111114515
13300111114521
13300111114531
13300111114541
13300111114551
13300111115122
13300111115123
13300111115124
13300111115125
13300111115132
13300111115133
13300111115134
13300111115135
13300111115142
13300111115143
13300111115144
13300111115145
13300111115152
13300111115153
13300111115154
13300111115155
13300111115212
13300111115213
13300111115214
13300111115215
13300111115221
13300111115231
13300111115241
13300111115251
13300111115312
13300111115313
13300111115314
13300111115315
13300111115321
13300111115331
13300111115341
13300111115351
13300111115412
13300111115413
13300111115414
13300111115415
13300111115421
13300111115431
13300111115441
13300111115451
13300111115512
13300111115513
13300111115514
13300111115515
13300111115521
13300111115531
13300111115541
13300111115551
13300111121122
13300111121123
13300111121124
13300111121125
13300111121132
13300111121133
13300111121134
13300111121135
13300111121142
13300111121143
13300111121144
13300111121145
13300111121152
13300111121153
13300111121154
13300111121155
13300111121212
13300111121213
13300111121214
13300111121215
13300111121221
13300111121231
13300111121241
13300111121251
13300111121312
13300111121313
13300111121314
13300111121315
13300111121321
13300111121331
13300111121341
13300111121351
13300111121412
13300111121413
13300111121414
13300111121415
13300111121421
13300111121431
13300111121441
13300111121451
13300111121512
13300111121513
13300111121514
13300111121515
13300111121521
13300111121531
13300111121541
13300111121551
13300111122112
13300111122113
13300111122114
13300111122115
13300111122121
13300111122131
13300111122141
13300111122151
13300111122211
13300111122311
13300111122411
13300111122511
13300111123112
13300111123113
13300111123114
13300111123115
13300111123121
13300111123131
13300111123141
13300111123151
13300111123211
13300111123311
13300111123411
13300111123511
13300111124112
13300111124113
13300111124114
13300111124115
13300111124121
13300111124131
13300111124141
13300111124151
13300111124211
13300111124311
13300111124411
13300111124511
13300111125112
13300111125113
13300111125114
13300111125115
13300111125121
13300111125131
13300111125141
13300111125151
13300111125211
13300111125311
13300111125411
13300111125511
13300111131122
13300111131123
13300111131124
13300111131125
13300111131132
13300111131133
13300111131134
13300111131135
13300111131142
13300111131143
13300111131144
13300111131145
13300111131152
13300111131153
13300111131154
13300111131155
13300111131212
13300111131213
13300111131214
13300111131215
13300111131221
13300111131231
13300111131241
13300111131251
13300111131312
13300111131313
13300111131314
13300111131315
13300111131321
13300111131331
13300111131341
13300111131351
13300111131412
13300111131413
13300111131414
13300111131415
13300111131421
13300111131431
13300111131441
13300111131451
13300111131512
13300111131513
13300111131514
13300111131515
13300111131521
13300111131531
13300111131541
13300111131551
13300111132112
13300111132113
13300111132114
13300111132115
13300111132121
13300111132131
13300111132141
13300111132151
13300111132211
13300111132311
13300111132411
13300111132511
13300111133112
13300111133113
13300111133114
13300111133115
13300111133121
13300111133131
13300111133141
13300111133151
13300111133211
13300111133311
13300111133411
13300111133511
13300111134112
13300111134113
13300111134114
13300111134115
13300111134121
13300111134131
13300111134141
13300111134151
13300111134211
13300111134311
13300111134411
13300111134511
13300111135112
13300111135113
13300111135114
13300111135115
13300111135121
13300111135131
13300111135141
13300111135151
13300111135211
13300111135311
13300111135411
13300111135511
13300111141122
13300111141123
13300111141124
13300111141125
13300111141132
13300111141133
13300111141134
13300111141135
13300111141142
13300111141143
13300111141144
13300111141145
13300111141152
13300111141153
13300111141154
13300111141155
13300111141212
13300111141213
13300111141214
13300111141215
13300111141221
13300111141231
13300111141241
13300111141251
13300111141312
13300111141313
13300111141314
13300111141315
13300111141321
13300111141331
13300111141341
13300111141351
13300111141412
13300111141413
13300111141414
13300111141415
13300111141421
13300111141431
13300111141441
13300111141451
13300111141512
13300111141513
13300111141514
13300111141515
13300111141521
13300111141531
13300111141541
13300111141551
13300111142112
13300111142113
13300111142114
13300111142115
13300111142121
13300111142131
13300111142141
13300111142151
13300111142211
13300111142311
13300111142411
13300111142511
13300111143112
13300111143113
13300111143114
13300111143115
13300111143121
13300111143131
13300111143141
13300111143151
13300111143211
13300111143311
13300111143411
13300111143511
13300111144112
13300111144113
13300111144114
13300111144115
13300111144121
13300111144131
13300111144141
13300111144151
13300111144211
13300111144311
13300111144411
13300111144511
13300111145112
13300111145113
13300111145114
13300111145115
13300111145121
13300111145131
13300111145141
13300111145151
13300111145211
13300111145311
13300111145411
13300111145511
13300111151122
13300111151123
13300111151124
13300111151125
13300111151132
13300111151133
13300111151134
13300111151135
13300111151142
13300111151143
13300111151144
13300111151145
13300111151152
13300111151153
13300111151154
13300111151155
13300111151212
13300111151213
13300111151214
13300111151215
13300111151221
13300111151231
13300111151241
13300111151251
13300111151312
13300111151313
13300111151314
13300111151315
13300111151321
13300111151331
13300111151341
13300111151351
13300111151412
13300111151413
13300111151414
13300111151415
13300111151421
13300111151431
13300111151441
13300111151451
13300111151512
13300111151513
13300111151514
13300111151515
13300111151521
13300111151531
13300111151541
13300111151551
13300111152112
13300111152113
13300111152114
13300111152115
13300111152121
13300111152131
13300111152141
13300111152151
13300111152211
13300111152311
13300111152411
13300111152511
13300111153112
13300111153113
13300111153114
13300111153115
13300111153121
13300111153131
13300111153141
13300111153151
13300111153211
13300111153311
13300111153411
13300111153511
13300111154112
13300111154113
13300111154114
13300111154115
13300111154121
13300111154131
13300111154141
13300111154151
13300111154211
13300111154311
13300111154411
13300111154511
13300111155112
13300111155113
13300111155114
13300111155115
13300111155121
13300111155131
13300111155141
13300111155151
13300111155211
13300111155311
13300111155411
13300111155511
13300111211122
13300111211123
13300111211124
13300111211125
13300111211132
13300111211133
13300111211134
13300111211135
13300111211142
13300111211143
13300111211144
13300111211145
13300111211152
13300111211153
13300111211154
13300111211155
13300111211212
13300111211213
13300111211214
13300111211215
13300111211221
13300111211231
13300111211241
13300111211251
13300111211312
13300111211313
13300111211314
13300111211315
13300111211321
13300111211331
13300111211341
13300111211351
13300111211412
13300111211413
13300111211414
13300111211415
13300111211421
13300111211431
13300111211441
13300111211451
13300111211512
13300111211513
13300111211514
13300111211515
13300111211521
13300111211531
13300111211541
13300111211551
13300111212112
13300111212113
13300111212114
13300111212115
13300111212121
13300111212131
13300111212141
13300111212151
13300111212211
13300111212311
13300111212411
13300111212511
13300111213112
13300111213113
13300111213114
13300111213115
13300111213121
13300111213131
13300111213141
13300111213151
13300111213211
13300111213311
13300111213411
13300111213511
13300111214112
13300111214113
13300111214114
13300111214115
13300111214121
13300111214131
13300111214141
13300111214151
13300111214211
13300111214311
13300111214411
13300111214511
13300111215112
13300111215113
13300111215114
13300111215115
13300111215121
13300111215131
13300111215141
13300111215151
13300111215211
13300111215311
13300111215411
13300111215511
13300111221112
13300111221113
13300111221114
13300111221115
13300111221121
13300111221131
13300111221141
13300111221151
13300111221211
13300111221311
13300111221411
13300111221511
13300111222111
13300111223111
13300111224111
13300111225111
13300111231112
13300111231113
13300111231114
13300111231115
13300111231121
13300111231131
13300111231141
13300111231151
13300111231211
13300111231311
13300111231411
13300111231511
13300111232111
13300111233111
13300111234111
13300111235111
13300111241112
13300111241113
13300111241114
13300111241115
13300111241121
13300111241131
13300111241141
13300111241151
13300111241211
13300111241311
13300111241411
13300111241511
13300111242111
13300111243111
13300111244111
13300111245111
13300111251112
13300111251113
13300111251114
13300111251115
13300111251121
13300111251131
13300111251141
13300111251151
13300111251211
13300111251311
13300111251411
13300111251511
13300111252111
13300111253111
13300111254111
13300111255111
13300111311122
13300111311123
13300111311124
13300111311125
13300111311132
13300111311133
13300111311134
13300111311135
13300111311142
13300111311143
13300111311144
13300111311145
13300111311152
13300111311153
13300111311154
13300111311155
13300111311212
13300111311213
13300111311214
13300111311215
13300111311221
13300111311231
13300111311241
13300111311251
13300111311312
13300111311313
13300111311314
13300111311315
13300111311321
13300111311331
13300111311341
13300111311351
13300111311412
13300111311413
13300111311414
13300111311415
13300111311421
13300111311431
13300111311441
13300111311451
13300111311512
13300111311513
13300111311514
13300111311515
13300111311521
13300111311531
13300111311541
13300111311551
13300111312112
13300111312113
13300111312114
13300111312115
13300111312121
13300111312131
13300111312141
13300111312151
13300111312211
13300111312311
13300111312411
13300111312511
13300111313112
13300111313113
13300111313114
13300111313115
13300111313121
13300111313131
13300111313141
13300111313151
13300111313211
13300111313311
13300111313411
13300111313511
13300111314112
13300111314113
13300111314114
13300111314115
13300111314121
13300111314131
13300111314141
13300111314151
13300111314211
13300111314311
13300111314411
13300111314511
13300111315112
13300111315113
13300111315114
13300111315115
13300111315121
13300111315131
13300111315141
13300111315151
13300111315211
13300111315311
13300111315411
13300111315511
13300111321112
13300111321113
13300111321114
13300111321115
13300111321121
13300111321131
13300111321141
13300111321151
13300111321211
13300111321311
13300111321411
13300111321511
13300111322111
13300111323111
13300111324111
13300111325111
13300111331112
13300111331113
13300111331114
13300111331115
13300111331121
13300111331131
13300111331141
13300111331151
13300111331211
13300111331311
13300111331411
13300111331511
13300111332111
13300111333111
13300111334111
13300111335111
13300111341112
13300111341113
13300111341114
13300111341115
13300111341121
13300111341131
13300111341141
13300111341151
13300111341211
13300111341311
13300111341411
13300111341511
13300111342111
13300111343111
13300111344111
13300111345111
13300111351112
13300111351113
13300111351114
13300111351115
13300111351121
13300111351131
13300111351141
13300111351151
13300111351211
13300111351311
13300111351411
13300111351511
13300111352111
13300111353111
13300111354111
13300111355111
13300111411122
13300111411123
13300111411124
13300111411125
13300111411132
13300111411133
13300111411134
13300111411135
13300111411142
13300111411143
13300111411144
13300111411145
13300111411152
13300111411153
13300111411154
13300111411155
13300111411212
13300111411213
13300111411214
13300111411215
13300111411221
13300111411231
13300111411241
13300111411251
13300111411312
13300111411313
13300111411314
13300111411315
13300111411321
13300111411331
13300111411341
13300111411351
13300111411412
13300111411413
13300111411414
13300111411415
13300111411421
13300111411431
13300111411441
13300111411451
13300111411512
13300111411513
13300111411514
13300111411515
13300111411521
13300111411531
13300111411541
13300111411551
13300111412112
13300111412113
13300111412114
13300111412115
13300111412121
13300111412131
13300111412141
13300111412151
13300111412211
13300111412311
13300111412411
13300111412511
13300111413112
13300111413113
13300111413114
13300111413115
13300111413121
13300111413131
13300111413141
13300111413151
13300111413211
13300111413311
13300111413411
13300111413511
13300111414112
13300111414113
13300111414114
13300111414115
13300111414121
13300111414131
13300111414141
13300111414151
13300111414211
13300111414311
13300111414411
13300111414511
13300111415112
13300111415113
13300111415114
13300111415115
13300111415121
13300111415131
13300111415141
13300111415151
13300111415211
13300111415311
13300111415411
13300111415511
13300111421112
13300111421113
13300111421114
13300111421115
13300111421121
13300111421131
13300111421141
13300111421151
13300111421211
13300111421311
13300111421411
13300111421511
13300111422111
13300111423111
13300111424111
13300111425111
13300111431112
13300111431113
13300111431114
13300111431115
13300111431121
13300111431131
13300111431141
13300111431151
13300111431211
13300111431311
13300111431411
13300111431511
13300111432111
13300111433111
13300111434111
13300111435111
13300111441112
13300111441113
13300111441114
13300111441115
13300111441121
13300111441131
13300111441141
13300111441151
13300111441211
13300111441311
13300111441411
13300111441511
13300111442111
13300111443111
13300111444111
13300111445111
13300111451112
13300111451113
13300111451114
13300111451115
13300111451121
13300111451131
13300111451141
13300111451151
13300111451211
13300111451311
13300111451411
13300111451511
13300111452111
13300111453111
13300111454111
13300111455111
13300111511122
13300111511123
13300111511124
13300111511125
13300111511132
13300111511133
13300111511134
13300111511135
13300111511142
13300111511143
13300111511144
13300111511145
13300111511152
13300111511153
13300111511154
13300111511155
13300111511212
13300111511213
13300111511214
13300111511215
13300111511221
13300111511231
13300111511241
13300111511251
13300111511312
13300111511313
13300111511314
13300111511315
13300111511321
13300111511331
13300111511341
13300111511351
13300111511412
13300111511413
13300111511414
13300111511415
13300111511421
13300111511431
13300111511441
13300111511451
13300111511512
13300111511513
13300111511514
13300111511515
13300111511521
13300111511531
13300111511541
13300111511551
13300111512112
13300111512113
13300111512114
13300111512115
13300111512121
13300111512131
13300111512141
13300111512151
13300111512211
13300111512311
13300111512411
13300111512511
13300111513112
13300111513113
13300111513114
13300111513115
13300111513121
13300111513131
13300111513141
13300111513151
13300111513211
13300111513311
13300111513411
13300111513511
13300111514112
13300111514113
13300111514114
13300111514115
13300111514121
13300111514131
13300111514141
13300111514151
13300111514211
13300111514311
13300111514411
13300111514511
13300111515112
13300111515113
13300111515114
13300111515115
13300111515121
13300111515131
13300111515141
13300111515151
13300111515211
13300111515311
13300111515411
13300111515511
13300111521112
13300111521113
13300111521114
13300111521115
13300111521121
13300111521131
13300111521141
13300111521151
13300111521211
13300111521311
13300111521411
13300111521511
13300111522111
13300111523111
13300111524111
13300111525111
13300111531112
13300111531113
13300111531114
13300111531115
13300111531121
13300111531131
13300111531141
13300111531151
13300111531211
13300111531311
13300111531411
13300111531511
13300111532111
13300111533111
13300111534111
13300111535111
13300111541112
13300111541113
13300111541114
13300111541115
13300111541121
13300111541131
13300111541141
13300111541151
13300111541211
13300111541311
13300111541411
13300111541511
13300111542111
13300111543111
13300111544111
13300111545111
13300111551112
13300111551113
13300111551114
13300111551115
13300111551121
13300111551131
13300111551141
13300111551151
13300111551211
13300111551311
13300111551411
13300111551511
13300111552111
13300111553111
13300111554111
13300111555111
13300113111122
13300113111123
13300113111124
13300113111125
13300113111132
13300113111133
13300113111134
13300113111135
13300113111142
13300113111143
13300113111144
13300113111145
13300113111152
13300113111153
13300113111154
13300113111155
13300113111212
13300113111213
13300113111214
13300113111215
13300113111221
13300113111231
13300113111241
13300113111251
13300113111312
13300113111313
13300113111314
13300113111315
13300113111321
13300113111331
13300113111341
13300113111351
13300113111412
13300113111413
13300113111414
13300113111415
13300113111421
13300113111431
13300113111441
13300113111451
13300113111512
13300113111513
13300113111514
13300113111515
13300113111521
13300113111531
13300113111541
13300113111551
13300113112112
13300113112113
13300113112114
13300113112115
13300113112121
13300113112131
13300113112141
13300113112151
13300113112211
13300113112311
13300113112411
13300113112511
13300113113112
13300113113113
13300113113114
13300113113115
13300113113121
13300113113131
13300113113141
13300113113151
13300113113211
13300113113311
13300113113411
13300113113511
13300113114112
13300113114113
13300113114114
13300113114115
13300113114121
13300113114131
13300113114141
13300113114151
13300113114211
13300113114311
13300113114411
13300113114511
13300113115112
13300113115113
13300113115114
13300113115115
13300113115121
13300113115131
13300113115141
13300113115151
13300113115211
13300113115311
13300113115411
13300113115511
13300113121112
13300113121113
13300113121114
13300113121115
13300113121121
13300113121131
13300113121141
13300113121151
13300113121211
13300113121311
13300113121411
13300113121511
13300113122111
13300113123111
13300113124111
13300113125111
13300113131112
13300113131113
13300113131114
13300113131115
13300113131121
13300113131131
13300113131141
13300113131151
13300113131211
13300113131311
13300113131411
13300113131511
13300113132111
13300113133111
13300113134111
13300113135111
13300113141112
13300113141113
13300113141114
13300113141115
13300113141121
13300113141131
13300113141141
13300113141151
13300113141211
13300113141311
13300113141411
13300113141511
13300113142111
13300113143111
13300113144111
13300113145111
13300113151112
13300113151113
13300113151114
13300113151115
13300113151121
13300113151131
13300113151141
13300113151151
13300113151211
13300113151311
13300113151411
13300113151511
13300113152111
13300113153111
13300113154111
13300113155111
13300113211112
13300113211113
13300113211114
13300113211115
13300113211121
13300113211131
13300113211141
13300113211151
13300113211211
13300113211311
13300113211411
13300113211511
13300113212111
13300113213111
13300113214111
13300113215111
13300113221111
13300113231111
13300113241111
13300113251111
13300113311112
13300113311113
13300113311114
13300113311115
13300113311121
13300113311131
13300113311141
13300113311151
13300113311211
13300113311311
13300113311411
13300113311511
13300113312111
13300113313111
13300113314111
13300113315111
13300113321111
13300113331111
13300113341111
13300113351111
13300113411112
13300113411113
13300113411114
13300113411115
13300113411121
13300113411131
13300113411141
13300113411151
13300113411211
13300113411311
13300113411411
13300113411511
13300113412111
13300113413111
13300113414111
13300113415111
13300113421111
13300113431111
13300113441111
13300113451111
13300113511112
13300113511113
13300113511114
13300113511115
13300113511121
13300113511131
13300113511141
13300113511151
13300113511211
13300113511311
13300113511411
13300113511511
13300113512111
13300113513111
13300113514111
13300113515111
13300113521111
13300113531111
13300113541111
13300113551111
13300131111122
13300131111123
13300131111124
13300131111125
13300131111132
13300131111133
13300131111134
13300131111135
13300131111142
13300131111143
13300131111144
13300131111145
13300131111152
13300131111153
13300131111154
13300131111155
13300131111212
13300131111213
13300131111214
13300131111215
13300131111221
13300131111231
13300131111241
13300131111251
13300131111312
13300131111313
13300131111314
13300131111315
13300131111321
13300131111331
13300131111341
13300131111351
13300131111412
13300131111413
13300131111414
13300131111415
13300131111421
13300131111431
13300131111441
13300131111451
13300131111512
13300131111513
13300131111514
13300131111515
13300131111521
13300131111531
13300131111541
13300131111551
13300131112112
13300131112113
13300131112114
13300131112115
13300131112121
13300131112131
13300131112141
13300131112151
13300131112211
13300131112311
13300131112411
13300131112511
13300131113112
13300131113113
13300131113114
13300131113115
13300131113121
13300131113131
13300131113141
13300131113151
13300131113211
13300131113311
13300131113411
13300131113511
13300131114112
13300131114113
13300131114114
13300131114115
13300131114121
13300131114131
13300131114141
13300131114151
13300131114211
13300131114311
13300131114411
13300131114511
13300131115112
13300131115113
13300131115114
13300131115115
13300131115121
13300131115131
13300131115141
13300131115151
13300131115211
13300131115311
13300131115411
13300131115511
13300131121112
13300131121113
13300131121114
13300131121115
13300131121121
13300131121131
13300131121141
13300131121151
13300131121211
13300131121311
13300131121411
13300131121511
13300131122111
13300131123111
13300131124111
13300131125111
13300131131112
13300131131113
13300131131114
13300131131115
13300131131121
13300131131131
13300131131141
13300131131151
13300131131211
13300131131311
13300131131411
13300131131511
13300131132111
13300131133111
13300131134111
13300131135111
13300131141112
13300131141113
13300131141114
13300131141115
13300131141121
13300131141131
13300131141141
13300131141151
13300131141211
13300131141311
13300131141411
13300131141511
13300131142111
13300131143111
13300131144111
13300131145111
13300131151112
13300131151113
13300131151114
13300131151115
13300131151121
13300131151131
13300131151141
13300131151151
13300131151211
13300131151311
13300131151411
13300131151511
13300131152111
13300131153111
13300131154111
13300131155111
13300131211112
13300131211113
13300131211114
13300131211115
13300131211121
13300131211131
13300131211141
13300131211151
13300131211211
13300131211311
13300131211411
13300131211511
13300131212111
13300131213111
13300131214111
13300131215111
13300131221111
13300131231111
13300131241111
13300131251111
13300131311112
13300131311113
13300131311114
13300131311115
13300131311121
13300131311131
13300131311141
13300131311151
13300131311211
13300131311311
13300131311411
13300131311511
13300131312111
13300131313111
13300131314111
13300131315111
13300131321111
13300131331111
13300131341111
13300131351111
13300131411112
13300131411113
13300131411114
13300131411115
13300131411121
13300131411131
13300131411141
13300131411151
13300131411211
13300131411311
13300131411411
13300131411511
13300131412111
13300131413111
13300131414111
13300131415111
13300131421111
13300131431111
13300131441111
13300131451111
13300131511112
13300131511113
13300131511114
13300131511115
13300131511121
13300131511131
13300131511141
13300131511151
13300131511211
13300131511311
13300131511411
13300131511511
13300131512111
13300131513111
13300131514111
13300131515111
13300131521111
13300131531111
13300131541111
13300131551111
13300133111112
13300133111113
13300133111114
13300133111115
13300133111121
13300133111131
13300133111141
13300133111151
13300133111211
13300133111311
13300133111411
13300133111511
13300133112111
13300133113111
13300133114111
13300133115111
13300133121111
13300133131111
13300133141111
13300133151111
13300133211111
13300133311111
13300133411111
13300133511111
13300311111122
13300311111123
13300311111124
13300311111125
13300311111132
13300311111133
13300311111134
13300311111135
13300311111142
13300311111143
13300311111144
13300311111145
13300311111152
13300311111153
13300311111154
13300311111155
13300311111212
13300311111213
13300311111214
13300311111215
13300311111221
13300311111231
13300311111241
13300311111251
13300311111312
13300311111313
13300311111314
13300311111315
13300311111321
13300311111331
13300311111341
13300311111351
13300311111412
13300311111413
13300311111414
13300311111415
13300311111421
13300311111431
13300311111441
13300311111451
13300311111512
13300311111513
13300311111514
13300311111515
13300311111521
13300311111531
13300311111541
13300311111551
13300311112112
13300311112113
13300311112114
13300311112115
13300311112121
13300311112131
13300311112141
13300311112151
13300311112211
13300311112311
13300311112411
13300311112511
13300311113112
13300311113113
13300311113114
13300311113115
13300311113121
13300311113131
13300311113141
13300311113151
13300311113211
13300311113311
13300311113411
13300311113511
13300311114112
13300311114113
13300311114114
13300311114115
13300311114121
13300311114131
13300311114141
13300311114151
13300311114211
13300311114311
13300311114411
13300311114511
13300311115112
13300311115113
13300311115114
13300311115115
13300311115121
13300311115131
13300311115141
13300311115151
13300311115211
13300311115311
13300311115411
13300311115511
13300311121112
13300311121113
13300311121114
13300311121115
13300311121121
13300311121131
13300311121141
13300311121151
13300311121211
13300311121311
13300311121411
13300311121511
13300311122111
13300311123111
13300311124111
13300311125111
13300311131112
13300311131113
13300311131114
13300311131115
13300311131121
13300311131131
13300311131141
13300311131151
13300311131211
13300311131311
13300311131411
13300311131511
13300311132111
13300311133111
13300311134111
13300311135111
13300311141112
13300311141113
13300311141114
13300311141115
13300311141121
13300311141131
13300311141141
13300311141151
13300311141211
13300311141311
13300311141411
13300311141511
13300311142111
13300311143111
13300311144111
13300311145111
13300311151112
13300311151113
13300311151114
13300311151115
13300311151121
13300311151131
13300311151141
13300311151151
13300311151211
13300311151311
13300311151411
13300311151511
13300311152111
13300311153111
13300311154111
13300311155111
13300311211112
13300311211113
13300311211114
13300311211115
13300311211121
13300311211131
13300311211141
13300311211151
13300311211211
13300311211311
13300311211411
13300311211511
13300311212111
13300311213111
13300311214111
13300311215111
13300311221111
13300311231111
13300311241111
13300311251111
13300311311112
13300311311113
13300311311114
13300311311115
13300311311121
13300311311131
13300311311141
13300311311151
13300311311211
13300311311311
13300311311411
13300311311511
13300311312111
13300311313111
13300311314111
13300311315111
13300311321111
13300311331111
13300311341111
13300311351111
13300311411112
13300311411113
13300311411114
13300311411115
13300311411121
13300311411131
13300311411141
13300311411151
13300311411211
13300311411311
13300311411411
13300311411511
13300311412111
13300311413111
13300311414111
13300311415111
13300311421111
13300311431111
13300311441111
13300311451111
13300311511112
13300311511113
13300311511114
13300311511115
13300311511121
13300311511131
13300311511141
13300311511151
13300311511211
13300311511311
13300311511411
13300311511511
13300311512111
13300311513111
13300311514111
13300311515111
13300311521111
13300311531111
13300311541111
13300311551111
13300313111112
13300313111113
13300313111114
13300313111115
13300313111121
13300313111131
13300313111141
13300313111151
13300313111211
13300313111311
13300313111411
13300313111511
13300313112111
13300313113111
13300313114111
13300313115111
13300313121111
13300313131111
13300313141111
13300313151111
13300313211111
13300313311111
13300313411111
13300313511111
13300331111112
13300331111113
13300331111114
13300331111115
13300331111121
13300331111131
13300331111141
13300331111151
13300331111211
13300331111311
13300331111411
13300331111511
13300331112111
13300331113111
13300331114111
13300331115111
13300331121111
13300331131111
13300331141111
13300331151111
13300331211111
13300331311111
13300331411111
13300331511111
13300333111111
