13300757968676
13300727879767
13300766869662
13300466879767
13300756978667
13300757879766
13300767879576
13300467978666
13300757978677
13311797778557
13300736978777
13300756968777
13300746869777
13300773879667
13300466968666
13300736978776
13311786769557
13300766968662
13300767879762
13311686779557
13311697768556
13300763978776
13311687669556
13300773869676
13300776869762
13300467968766
13300766978772
13300736879677
13300737978767
13300726968767
13300767978672
13300476869666
13300476869766
13300466869776
13300727978667
13300776879772
13300737869677
13311687669556
13311696876655
13300476879667
13311696876755
13300737978677
13300746869667
13300757978777
13311697877655
13300773968776
13300747879666
13300727879676
13300756968776
13311797778556
13300777869577
13311687967655
13300727879667
13311786976755
13300757869776
13311697866655
13300776978772
13311796678557
13311796866755
13300777978762
13300736968777
13311687669557
13300767978577
13300756978666
13300776869772
13300736869766
13300736869676
13300756968766
13311697867655
13300757968676
13300756879777
13300747879666
13300737869766
13300746869767
13300477978677
13300773869676
13300773968666
13311686679556
13300777879567
13300776869672
13300763869667
13311796778556
13300747968667
13311796778557
13300726968776
13300736869667
13311797678556
13311787977755
13300773978666
13300736968767
13311786769557
13300763978777
13300727869767
13300746879677
13300756978677
13300476968677
13300746968777
13300757968676
13300466879767
13300777968672
13300747978677
13300747978676
13300477869666
13300467879767
13311687977655
13300766869566
13300757879677
13300756879766
13300737968676
13300766869772
13300476968666
13300763978676
13300727968767
13311797866655
13300767869567
13300777968762
13300756879776
13311786977655
13300727869766
13300767879576
13311787977655
13300727968777
13300747968777
13300777978567
13300767869662
13300726978766
13300476978776
13300466968777
13300727978776
13311797778557
13300766879566
13300477869677
13300767978567
13300467879666
13311686967755
13300773968666
13300777978762
13300467879667
13300726968666
13300727978676
13300727968767
13300747978777
13311787669556
13311796876755
13311787966755
13311787779557
13300763968776
13300736978667
13300763879666
13300727968676
