13300777968575
13300776978575
13300767968575
13300777879565
13300766968565
13300776879565
13300776879565
13300766968565
13300776869565
13300767978575
13300777879565
13300766968565
13300777869575
13300766968575
13300776968565
13300777978565
13300766978575
13300777879575
13300766968565
13300776869575
13300766879575
13300766968575
13300766978565
13300777869565
13300776869565
13300776879575
13300777968575
13300776978565
13300766978575
13300776978565
13300776869575
13300776879565
13300767869565
13300766978565
13300776978565
13300767879565
13300777978575
13300766879565
13300776879575
13300777879575
13300767869575
13300776978575
13300776978575
13300767879565
13300776869575
13300777978565
13300767968565
13300767978565
13300777879575
13300766968565
13300767968565
13300777869575
13300777869575
13300767869575
13300766879565
13300766879575
13300767879565
13300777869575
13300776968575
13300777968575
13300777869575
13300776869565
13300766978565
13300776879565
13300767879565
13300767879575
13300777879565
13300767968575
13300777978565
13300777978575
13300767869575
13300777879575
13300767869565
13300777869565
13300777869565
13300767879575
13300776968575
13300777869575
13300777968575
13300767869575
13300777978565
13300766879565
13300766869575
13300777968575
13300777968575
13300777968575
13300766879575
13300777869575
13300767978565
13300767978565
13300776869575
13300776978565
13300767879575
13300776879575
13300776869575
13300776879565
13300776869575
13300777869565
13300777879565
13300777978565
13300777978565
13300766869575
13300776968575
13300777978565
13300776968575
13300766869565
13300777978575
13300777968565
13300766869565
13300776978575
13300767968575
13300766869565
13300766978565
13300777978565
13300776978565
13300767869575
13300767879575
13300767978575
13300776968575
13300767869575
13300767869565
13300767968575
13300776879565
13300767968565
13300776968575
13300777978565
13300767869575
13300777978575
13300777869565
13300767968565
13300776879565
13300767879575
13300766879565
13300767968575
13300766869565
13300776869575
13300777968575
13300777879575
13300766879565
13300776869575
13300767869565
13300766978575
13300777879565
13300776978565
13300776879565
13300777978575
13300776968575
13300776978575
13300766879575
13300777978565
