13312695623833
13321647636545
13311334693824
13321626467355
13311874953377
13321644976585
13321666353537
13312368552769
13320786659356
13311427636555
13301748963766
13320567755532
13311594636875
13311876953374
13321677893575
13310373756546
13310737365653
13311457797385
13301877277695
13310763752526
13301777533426
13322622669558
13301379758646
13311686793525
13311794587275
13300176965682
13301778973367
13301376253477
13322466654533
13301336753677
13312684167669
13302377454563
13321647773555
13312376554983
13322687236953
13301376853469
13311668659552
13321636353566
13300437375635
13310737545567
13310389577777
13311767398676
13312694586673
13311497861767
13320487765396
13301365337675
13311656697358
13311797563835
13311333736575
13321376753565
13310379612538
13301736553665
13311577953857
13311576749538
13322666586973
13301896671772
13310679778352
13311656693585
13312684967331
13310797758555
13312767678943
13322296236873
13322765547533
13311334596358
13311697568672
13311364877955
13320689726354
13311877526669
13321696728352
13321787316975
13310637535276
13311566977685
13310497758565
13301734373656
13321682729575
13312446779583
13321756779538
13312697172678
13300786595744
13322786237923
13301167316655
13302486177393
13311877953743
13321696783564
13320647865954
13300876695626
13310333897256
13301736563536
13321667689537
13312336767533
13311739566285
13300778369452
13311576866695
13320833779553
13311575367255
13300338797716
13310686395747
13300773535537
13320577355536
13311873576669
13321675336575
13312227677353
13301793837465
13320633726355
13310528766539
13301345863693
13322647687569
13310867355379
13320578696576
13310676551375
13320628776539
13321679581545
13311777353986
13311744673535
13310493768356
13321564776535
13310673556426
13310293687577
13320776879556
13312384396533
13302178367393
13311486693557
13310746895777
13301777536175
13310737575633
13310876355397
13312737649583
13320736685966
13312289677533
13320286795573
13312539377283
13310487465397
13301374237765
13310761762555
13321796773874
13312668537953
13320737755535
13310786735559
13311526736355
13300369462386
13321267663553
13321273676355
13311862936275
13310437375657
13310867375935
13311691663585
13320366855927
13310636161775
13300739378456
13301897571666
