13322776567978
13301176753767
13301172789726
13310273653562
13311462673356
13321476353564
13320563756557
13301796568563
13320473972582
13302874267953
13312662967668
13302778553529
13321742547535
13322762538593
13321635686595
13311572673357
13320396735587
13301897731722
13320293658566
13321637347535
13301752363257
13300166895573
13321774893562
13320877551359
13310296865772
13310433656573
13321665669866
13311466897365
13310743375654
13310366535265
13302836667669
13320873272359
13311614793873
13301797558756
13302746336563
13320756865594
13311738436935
13320376751565
13311839366355
13321577853957
13312734574563
13300373656237
13312639162668
13321344637575
13301137787759
13310766355255
13321675873954
13312796854773
13321897633576
13300343798562
13300363753774
13310729784577
13300336565647
13301724363357
13320797545877
13301793573855
13310761712552
13312726877779
13301344537775
13320469666876
13321677769847
13311847697335
13320767335572
13312678336793
13301875967335
13312376738549
13321762693585
13301397666285
13310736565242
13311272797835
13310796385362
13300363654775
13301376653434
13312875936273
13321527686965
13301786593563
13320773957585
13312663784579
13311597787335
13301894337745
13311676533575
13310716725353
13321745936875
13302876936733
13321384757579
13321268773595
13302747549283
13312755734563
13311462689566
13321596667138
13300733562266
13300786945235
13312376734523
13322692664158
13301774897235
13310378696536
13300896525767
13301472897735
13300766555981
13301736523642
13300333676757
13302737896733
13312776396758
13301723366535
13300863562954
13311474776335
13321836723976
13300337869525
13311397836355
13311567397785
13321637563544
13312897667333
13321564953876
13301377698612
13301733377435
13311876933736
13322659737583
13311566733574
13320613586962
13322667638529
13301785569664
13301738539636
13300789577754
13300771379864
13310269876666
13320768639574
13301745533566
13300373986525
13301374647535
13301787197545
13301379558665
13321524736575
13300398776266
13312665545633
13310337545626
13300487359466
13300859776666
13301866936325
13302376638493
13302367936483
13300367835946
13312472764533
13311637353746
13311359637855
13301366553236
13301874669766
13301746533273
13302743336763
13310833397667
13300337865693
