13321766937875
13311787936755
13311384397655
13312637174763
13322668556569
13322376554563
13301767533672
13310673762355
13301776553724
13311666553987
13301776553632
13310273362656
13321366553577
13321777768539
13301779373786
13312843764393
13311687616559
13311787769351
13312664679558
13312767754353
13301364617765
13300373965478
13301173967568
13312867937773
13310776655523
13301377873529
13301777553724
13321266763557
13311637171676
13301777353762
13310789722567
13322678712559
13321573766555
13300373968674
13310696865767
13310668669553
13300737585779
13310677535566
13310666555357
13312677536363
13301737553666
13310273369587
13312338467953
13322776668593
13321286636965
13322796552833
13310563716576
13321864573397
13310783696566
13310733692864
13311168777955
13310863729576
13300771879475
13310776795386
13310786795562
13300736978526
13300376948673
13310366555757
13302768376159
13320666855596
13312859667553
13300361616676
13301377373457
13310336725598
13321627637565
13300377498756
13320667775356
13300167865797
13312769557783
13312338467359
13310333784976
13310267355676
13321796237385
13321437776555
13300346948676
13321842673397
13310677555336
13300456879626
13300377849763
13300433986767
13312336597383
13321498676555
13301346973678
13310678669357
13322786766159
13311616597778
13321657677535
13301798366355
13310661779825
13321467877955
13311796668351
13301767553643
13311697663387
13312475766553
13310676555537
13312378377493
13321767533566
13310563372757
13310733727547
13301734536985
13312776467353
13300736968622
13321677736555
13310663635577
13322686766931
13300733895667
13300367965458
13321436767555
13320673962586
13322384576933
13300337698757
13321587636965
13321667653572
13310673598257
13321386569353
13321646537565
13310867955746
13321722676555
13310643598466
13301762537725
13310647675535
13320663962835
13310736525677
13320263972856
13312394862733
13311586936775
13321266653567
13301337689562
13321734587559
13312368712559
13300373378922
13321397657338
13321866723339
13321727767535
13310369678556
13320797658567
13320696765558
13301336698722
13310376555775
13321684736975
13301346376735
13310673365757
13321662777535
13321667637355
13310333728965
13310573617566
13310617625566
13321627773557
13312662668559
13311782719577
