13310877779557
13311397768557
13311784679556
13310877769557
13312686977753
13311786966355
13312787977753
13301769876655
13312687976753
13310876769556
13311686679553
13311697768553
13311686679554
13311696876355
13311696778555
13310463896677
13311787769552
13301374798677
13321697566855
13312686664539
13311386679557
13311396877755
13311787679555
13311396778557
13321866777955
13312687967653
13321787666955
13301374789767
13312687776559
13301374789777
13312687766559
13321876776955
13321797667855
13312696866653
13311797876555
13311786977455
13321686769556
13311696866555
13301778966755
13300777859565
13311796866455
13301377798675
13310773987577
13311396866655
13321687776955
13311696678553
13311697877355
13311697778554
13311797876255
13321787567955
13320863662956
13312786664539
13312687976753
13302368377759
13311387779557
13311794678557
13320873662956
13311797876555
13311697877355
13311687779553
13311687679555
13321787667955
13311687679553
13311686967355
13321867767955
13311386669556
13321797768556
13310473896766
13301376689665
13311786669554
13302378367759
13312697876653
13311787967355
13301374689676
13301778976655
13312696666558
13311686977255
13321877676955
13311697768552
13312786674539
13311686976455
13311797866255
13311397867655
13310473897776
13301374698777
13311684769557
13312787977753
13321797678556
13312779776558
13312796774538
13302368377659
13311697876355
13312686766559
13312687677559
13311694876755
13321696666855
13302369367758
13321786769557
13311697678553
13311386977755
13312678666559
13301367698765
13311794867655
13311697867355
13310463987676
13301364798666
13321877667955
13312797876753
13312797766558
13321697666855
13311786679553
13311797778552
13311786769553
13310473986666
13310473986766
13312679676558
13311686976355
13321787766955
13321697767855
13300767958565
13321696678556
13301364689776
13312697876753
13311786976255
13300776985557
13321787669556
13310663987567
13311694778556
13312787967753
13312768676559
13321866666955
13321686576955
13300776859565
13311684779557
13321686566955
13312787767559
13312668676559
13310663897566
13311786967355
13312669767558
13311696867255
13312768666559
13311794876755
13311786779555
13310763986567
13311397668556
13310867779556
13310463896677
13311387977755
13311387966755
