13310766355766
13300376975268
13300773479822
13310266365968
13320676875957
13312779657578
13322694664358
13311636623526
13310666598357
13300376655674
13311776653546
13300767555652
13310663716576
13310773479827
13302439866453
13300773362652
13300338396727
13311296377438
13311284767339
13312697877153
13311697783567
13302738376493
13310563669826
13311839667555
13320863372954
13300367958527
13321876773394
13302438967253
13301346976728
13322636724573
13301366736665
13301166877579
13300473362756
13310473897627
13300717978577
13320567655576
13311337723566
13310733984766
13310766665356
13311647666535
13310733628956
13302766377253
13311877567695
13322394766583
13322496267383
13311376737565
13310763617567
13322368476359
13312787627933
13310663369587
13300773369482
13310379717538
13300367895526
13310633897772
13311875663392
13302769837673
13311633666555
13310367598477
13300366975585
13320633784397
13311766553376
13301372863697
13312682776933
13302776536373
13301796567785
13300416879667
13322578672559
13310617795867
13311766637525
13320263679582
13320673556576
13311279366485
13311678659576
13301373789627
13311776736555
13312793777833
13302767554753
13301336297778
13311769663586
13311636623572
13311734537765
13320737755577
13302347974683
13300769378757
13321876726569
13300743589772
13310736725355
13301376698722
13311395763857
13311296656338
13321686729566
13320263669582
13311675536665
13300773362653
13320633596857
13300773598755
13301367936568
13310673769822
13300773372652
13302377367353
13311294667338
13312386724339
13301164698567
13311273776555
13310666598457
13322379366358
13322767976853
13310616695876
13300787395667
13301362966628
13320776655526
13301336789773
13311474777555
13301375366355
13322765677553
13322338676593
13310333897666
13300346975783
13301366753766
13301764363978
13301766983625
13300473379386
13300366958546
13322486476393
13312686976631
13320847765395
13301726363978
13311769556685
13312778476933
13311867936665
13311246676555
13300736575627
13311637693823
13312382697543
13311679557685
13310373762555
13311647663556
13320733587927
13302368372393
13302336694728
13311739377585
13310333728977
13300477985526
13321296777338
13310763668922
13300473369387
13300766475357
13300347975685
13300767555475
13301778593766
