13312687677393
13321787769552
13312687977633
13301778376795
13311696876735
13311697676538
13300753978766
13322786576953
13311687679357
13300767879572
13312795776558
13300777598677
13300723879677
13301367967785
13301787366739
13321686676395
13321586777955
13312797877453
13300767985666
13322796776853
13300746879576
13312867676393
13301366689575
13310877675539
13301468976755
13312685777559
13301769376785
13312686977453
13311796768357
13300747869662
13301366398665
13302779866653
13312687774559
13301769366685
13300463978776
13300766849765
13311687766955
13312478666559
13301367398675
13310433896777
13321866677395
13311796667585
13312687966453
13301374689762
13301364698775
13310463894666
13300777869562
13311687779356
13300723968767
13300736968772
13321784767955
13300757879662
13310863762397
13310373897576
13312779366758
13312668717559
13311867777395
13320877779557
13312787676953
13301786467395
13321786779357
13310763768965
13312696676383
13321863776955
13312787666359
13321786367955
13311796668356
13301344798766
13300737968672
13300456968776
13310463984776
13321867673957
13310473986762
13321787767395
13300447879677
13311796768356
13312687976453
13311687766539
13311877767539
13321877776395
13321487676955
13321697667538
13312796664558
13311686767595
13312778777359
13301376966578
13321296766855
13310363896576
13312686767359
13300757879577
13321697667835
13301469876755
13320867779556
13322686764539
13312782766559
13301378466955
13312796667583
13322867677953
13312669666358
13300727869672
13300476869662
13310786665595
13300776869562
13312678366759
13311668777955
13310463984767
13302769366758
13312468766559
13301364689765
13311778766595
13312796867253
13300723879676
13312687674559
13311678777595
13300466879662
13312684676559
13311787769356
13321867763956
13302769866653
13311797778357
13310736785966
13300426869676
13322697676853
13310473897566
13301364689665
13312278766559
13311687977735
13300473879766
13311686666539
13312785767559
13321687666595
13300477869672
13321877777395
13300377968567
13300766849665
13310866679356
13312678376659
13311786667539
13301366789625
13312786977553
13322768766559
13321687676539
13301779877455
13310473986672
13310863762396
13312682776559
13300766895776
13312686977253
13310473897762
13300437879666
