13300863597726
13321874763952
13310763662357
13312687626569
13301767553764
13300777948726
13321845777395
13300367498676
13321637587559
13301342866695
13321687526395
13311568467955
13311876773394
13311684977335
13311586376739
13312568377459
13312368366259
13301347866595
13311862677339
13310668769556
13321539666585
13312386797543
13302368367293
13320763369587
13310877955767
13311384676595
13322684776359
13322387797533
13301377316755
13300373869767
13321496377835
13300737869626
13310666555626
13311696737385
13302369477833
13321674677555
13300346789666
13301726366755
13311278367695
13311793673857
13311636783962
13300373962758
13311682693527
13311737587569
13311779757835
13301367376355
13320863665954
13300776839727
13312566777553
13321496366835
13310766755357
13310637655566
13301776376255
13312387966533
13320863762393
13312438777359
13320767755576
13312782796553
13311339676585
13301377366455
13311486366639
13300756879626
13310766555663
13311694876235
13300376489766
13300367755677
13300763598665
13322695667358
13312396727338
13310563778925
13310667555277
13301174698767
13311863763397
13300377798277
13312439667853
13311676736565
13300473879572
13312666774553
13310633678925
13322785676593
13321386467395
13300766839727
13321842663956
13310463779582
13311394686555
13300447948767
13300763968335
13322787627339
13310686625935
13300376978545
13322694674558
13311696377438
13321836536339
13320846679553
13300776968527
13301342966685
13312767669558
13300338796626
13322386677393
13300373972784
13301778936675
13300746598656
13300376698367
13311874763539
13300763869325
13312385676953
13320376589567
13301376467355
13322687574339
13312637766553
13321294676835
13301774366755
13311287377639
13312676679558
13301734597658
13310467765556
13311766677535
13322786574339
13301738367595
13312568367459
13302739376683
13300377978522
13311767536775
13312737794823
13320373678597
13322669762583
13300477895665
13320876365956
13310733762556
13312634784963
13322296677833
13300367689672
13312784466393
13310633628927
13312439667583
13320463779586
13321384779357
13311387467395
13300376865795
13311876627339
13300763598762
13311787377439
13300737985763
13300363378597
13311667766355
13300377689466
13311877726579
13312674777553
13300773968445
13311686663935
