13301374398675
13312392677558
13300773369876
13312676766553
13310776365869
13312468666953
13301376867595
13312682676593
13310636795862
13310786775952
13312787727393
13312379677358
13301363876795
13312697765583
13321387679553
13321682667595
13321294667855
13312874776393
13312785674559
13300767555664
13321697626385
13321287776395
13310773986626
13312792667853
13312278666359
13311773777555
13301364866695
13321797466385
13310866765393
13310797765854
13310683665957
13301336689766
13321766677555
13321787627935
13312385667559
13312684976353
13301373867795
13321787627935
13310773778926
13312785766593
13321684769356
13312386966553
13310386665956
13301777893727
13321397666538
13312686977333
13310873662394
13312678377459
13310667589366
13301774893556
13312378366759
13310847779554
13312783767593
13310463984566
13320663762557
13301768366595
13321686467395
13312539676558
13312269777583
13312697675583
13322386697563
13310363769587
13300767555576
13301364689625
13310768717539
13311567677555
13310773894572
13310876669353
13310677555776
13301337698776
13321862663956
13310773678927
13312386776953
13312784977733
13321877773955
13300376689766
13321864767935
13310677555666
13301378377295
13301367976585
13310633897667
13300716869676
13312386966353
13312684967553
13321384767955
13312767677553
13310873679555
13301796476338
13321873767935
13310877769355
13321864716955
13311367767555
13300763378977
13310773768592
13310636785962
13312768767933
13310763678927
13301469867255
13312783777593
13310633987776
13301366873696
13301779367485
13301776983773
13310766598657
13310796775852
13301336787779
13312697664358
13321784769553
13312687673593
13321296776385
13321846666395
13312396676853
13310733897766
13310397775856
13312797876333
13310637785963
13321397676385
13310736785965
13301778466935
13312866774393
13321797627835
13321873776935
13301336686769
13310673987626
13310777598255
13300716869667
13312396666853
13312678367459
13310773378696
13301734597778
13300763897676
13301376798726
13321769376585
13321684777935
13310777589476
13312696673583
13312738366759
13312873677393
13301866617955
13322696616538
13312578776593
13312783766953
13310677589467
13301478976355
13301766983662
13301767983673
13321796576385
13312679367358
13310676555767
13310463678597
