13300363617776
13311638777955
13300366879564
13300366869573
13322864666953
13311269667855
13300776598376
13300366879572
13311738776955
13301777893777
13302379377258
13311862676395
13312682797573
13300466978572
13311396677855
13311737596678
13311696763585
13302369467358
13311873666539
13322287777953
13310663662557
13300766895577
13310737625577
13320866769552
13310733669865
13300423968667
13311684779357
13300376978537
13311684966555
13300423879777
13301737536665
13322479767558
13301366367755
13311278777595
13300737958576
13300773849675
13320676598577
13300777598555
13311792766585
13300773968735
13311847766395
13300727948666
13301767983777
13311387679357
13320877675396
13300457978566
13310573668965
13300373716766
13300473978567
13321692687565
13320676598576
13300737859566
13311786666935
13320863669556
13311297667538
13300373369786
13300466958566
13311866677339
13311786769353
13310563668965
13311387676595
13322779666583
13311387679552
13311636793876
13322797776833
13311847767395
13300373368697
13300776598377
13300773968645
13300776849725
13311692676855
13300777895672
13322686667933
13300776375869
13322568666559
13300763869562
13320666589576
13311736596678
13300363872696
13310736625577
13310263669865
13310763772556
13312792686573
13311568677595
13320867769554
13311378766595
13300776895567
13311378676955
13311386976255
13310737625577
13322468677559
13300773378797
13320673779586
13322687377953
13301346967578
13311386976555
13311685667595
13322778366559
13322797676833
13311597766385
13322668676359
13311784669357
13300737879565
13320873662396
13321792787575
13301736537765
13300366978563
13300736985677
13321787717955
13311696777835
13311378677955
13300727978562
13322875767953
13322794777558
13310777598677
13320876675396
13322597677853
13311797768354
13300776948576
13300777985673
13322687776393
13300767589455
13310773762556
13311586667539
13300723869577
13310677589777
13322872667953
13300363378697
13322685766559
13300776598466
13302377977683
13311697773856
13310676598776
13311846667539
13300763598777
13322866764953
13311697673856
13322876777933
13311268667955
13300767985576
13311597677538
13311737597678
13300777598672
13322696766358
13321792686565
13322387667559
13322679766583
13320673679587
13322697667383
13322797677383
