13300373968574
13310773178796
13310761769827
13301177867729
13301373846629
13300363489366
13301376479386
13301367961786
13311372536765
13311867953377
13300767335267
13300736575743
13320686775957
13320877255957
13321677873596
13311786973766
13302797567833
13311734667355
13311678671966
13300361362657
13302767337753
13300833694622
13300436928627
13311673336775
13300897665467
13312779176683
13300783379755
13311475363879
13310678794577
13321567317355
13310376555273
13310798177776
13322777636523
13322842665933
13321877677319
13300343498766
13301456467355
13300726938722
13300763375256
13320866355946
13302767546233
13320797465877
13311687597365
13312386667591
13300366615762
13321787666139
13302897737723
13310763316677
13312796536853
13312769656548
13311649366855
13300763555277
13301342366735
13311576366355
13301768363759
13300487395767
13311466663356
13310397618556
13300767551365
13311737796585
13320376775552
13300363735776
13300373389765
13300376455467
13300763317762
13311526676355
13300776978617
13311779758547
13311486937635
13300723375656
13301364373652
13302778594373
13312726787569
13321795728576
13311745376755
13311657967855
13322639626548
13320333784927
13300767551475
13311774896665
13310698722564
13311686971766
13322587737973
13310568796567
13301379783777
13301396836765
13320577735567
13311567477355
13312786176779
13310366785595
13311724636575
13311567376635
13312746796578
13322669262358
13302377379483
13301377836795
13300773556272
13302767337633
13311767353675
13300787565595
13310277655544
13301877763956
13311449636865
13302786574669
13321678771595
13301778353695
13312784576953
13311736353677
13301147867695
13302768555759
13311289736565
13321794666185
13320287775966
13312677377733
13310563762352
13312786577779
13300869676667
13321743967855
13300366555675
13302366719768
13311676533765
13300726839526
13312537754563
13320786395576
13310778693567
13312737781973
13300177789667
13320767869576
13321865761956
13320276755564
13321687671967
13300337765576
13311786579667
13300377655226
13302764598763
13302438962733
13301374363356
13312686967331
13320633726563
13300786455396
13320767975853
13312776694568
13301743376455
13302775589673
13301897537625
13320673557556
13301796537685
13322787627539
13311375363968
13310333726546
