13310733563165
13310779138744
13321372539383
13301372731623
13321574631562
13300829376425
13311655958374
13301176333365
13312642956258
13322243764859
13302435385493
13311871563379
13321761783392
13321474366315
13310748319663
13311323859763
13302894234433
13321643328973
13321337259874
13310193386266
13300829756324
13320613594816
13310628957225
13311472948564
13301857379253
13312333874569
13312643965538
13311337859427
13322262256948
13321643383935
13320269625833
13310768945222
13300829733262
13302843453679
13311696853127
13312444824669
13320791656836
13302349837613
13320317879556
13301174553465
13320693168353
13301456331674
13321243683924
13321525268395
13322626762313
13301469481315
13312842343933
13302764387129
13301832759643
13302337714983
13310381795526
13311438759551
13312752942738
13301753313665
13311798133476
13321553683954
13312233972483
13312443852679
13301774533321
13302865442749
13301317573547
13300398262245
13301824579733
13322367727189
13320147869562
13301854749655
13312375832279
13320617495874
13312424383269
13320783533934
13301716361657
13321234628937
13322547345978
13312333867359
13312654963258
13312566967481
13302343498533
13322673671398
13301423317745
13301319833746
13300363159782
13310658935256
13320727918565
13320659755852
13301176733233
13301317461272
13321734133575
13310338975564
13310473755551
13302385445279
13310278947425
13300839426357
13300331276646
13310187775319
13320559537873
13322553563893
13310833971727
13311356869542
13301334983354
13301862493235
13320539754827
13312536661398
13322294524823
13322743622928
13301825469426
13321565469825
13321355648393
13320238647954
13301318496345
13311556879534
13301364353371
13310358397253
13311717893367
13321347689517
13302196463678
13320539354387
13301194678576
13302876364691
13321734143574
13302857625449
13310548954637
13310771952852
13321752759833
13320728546954
13321752659822
13320538537956
13302846346339
13300893226454
13322256333389
13302864225729
13311752948547
13322737235938
13311626313367
13310239826733
13312116764553
13301854433955
13300713176575
13310739847533
13322753643859
13322235475333
13312366146233
13321315673356
13320228226392
13311728711955
13310659836445
13311616583429
13320348247927
13302836434749
13320178796554
13310496351728
