13312756317643
13301382749463
13311436389622
13311562983623
13312896663331
13310339382637
13321869736315
13321647458394
13300733133573
13302872594253
13321376781339
13310833936535
13300167255453
13311732646315
13300337745162
13312586697331
13301496831636
13302852394633
13322473383529
13322776172968
13312393661581
13322627166968
13322745176353
13311735178639
13312754386239
13322672777313
13320371754557
13320563851966
13300163257257
13322624655893
13302769871543
13312523397568
13320169777827
13311567427315
13302396246248
13322274372983
13310439383566
13321864753931
13301776331589
13311127986575
13321584323963
13300398236633
13320348457396
13311726389435
13311216689564
13312252947683
13320493633827
13312374836593
13322737971833
13322457644983
13311673867195
13302397653228
13300713546427
13301771533985
13301727331765
13311544717535
13310846135796
13311694833455
13311347843595
13302727383691
13322425576333
13322749184543
13312225336533
13300333473474
13311298333536
13310833971777
13321744943548
13301394638557
13300398264465
13312544976583
13321455623335
13311736917685
13300487135359
13312615787539
13320279362382
13320427829542
13312556338429
13300893325746
13312785532429
13310398537542
13322177865933
13311148643597
13320683322964
13311639358717
13322255767153
13312263459833
13321471798567
13300816495677
13322452694833
13320823525539
13312335338739
13301393268574
13300713575625
13301393738436
13312754384479
13320281766397
13310368396455
13311375691386
13320327361535
13300333537557
13320446315577
13310833964225
13302382742493
13301385459662
13302342339383
13301174937285
13301758173927
13320449362338
13312384532639
13322526584933
13321775486915
13302145716563
13322758922333
13312475845793
13301339238575
13311663371554
13312764376531
13311665893544
13322666751879
13322337797183
13322466178359
13300893562364
13302185296773
13310713586963
13320197655548
13322766287913
13322564294853
13312686571469
13300763511735
13311876953122
13310467155389
13312565827293
13301428923624
13322123777533
13312891476353
13301385769545
13312278721963
13300378439671
13320331714576
13312475444333
13310336415352
13321284623934
13320793534385
13320496165873
13321796633158
13312675392258
13301485916735
13312568356913
13321796138556
13320476835319
