13310358739537
13302446384679
13322272386579
13311478763954
13310363654354
13300398227777
13320778392557
13311546926685
13300763555761
13311697538743
13311661673554
13302764386539
13311455486395
13312647638923
13311456967485
13311357163869
13310737535545
13312534667398
13312662334743
13321632798526
13321349583575
13310673554244
13302865796553
13300768396553
13321427856579
13310669435386
13310693856476
13311766733517
13322686167931
13312384746933
13310377985257
13310258477396
13310698527565
13302435369258
13301393583676
13302142866593
13311787973455
13301742379338
13310769752382
13310693867362
13310376355335
13310328397666
13310698142763
13310633895765
13310733556645
13311396871556
13302387756479
13321268759534
13321666568392
13311636956485
13310357985756
13311783549656
13301366633325
13310789545737
13301496383473
13311336876295
13322277795558
13311797558655
13310736895644
13321665683392
13302384656779
13320346839567
13311797831472
13320166765554
13310389567563
13312537756389
13310763555545
13310796785514
13300393675585
13310628647393
13310837529466
13312263396783
13322833736593
13311462967385
13312743987463
13300389767347
13311389663354
13312279756581
13321287463956
13311694863326
13310583369452
13321696463824
13320779672384
13310679385476
13322765637398
13321634573532
13310736525534
13310698546755
13320533956338
13310689174565
13321367857559
13321382653569
13302371366733
13311696731877
13301378459745
13312668557391
13321397753864
13321626479387
13321665683957
13320678723396
13302747879243
13312387563579
13321622926568
13311852576739
13312646396283
13320378776394
13311687923272
13311674893746
13321435637355
13311633977485
13312777832793
13302477958563
13321672733553
13321366693836
13322776275398
13300389676357
13320648397547
13320233372354
13301723378539
13321577698544
13310759476385
13310863957333
13322644684973
13320669387532
13301469358734
13300336985724
13312636544523
13312634354263
13302763849733
13312847536493
13321723746985
13300371872719
13312636986243
13312757837933
13322267393568
13301826626495
13311793168563
13301479358546
13321376373985
13310768397526
13322761967853
13300493476383
13302378554749
13311782579573
13320628774339
13310669438354
13320659787533
13310746985362
13320823635596
13302466839273
