13321576269825
13301423389726
13311456968643
13312573956568
13320787559156
13322457436978
13302345437223
13302196756778
13321342627895
13320328666954
13321755268974
13320633862159
13321618539576
13311434978662
13311846533393
13320268634947
13310438976464
13312566791578
13311637523661
13321475398563
13310596855224
13321227638962
13310693383365
13320679647187
13321267796158
13320369644873
13302855664629
13301463333893
13310259683534
13310779825447
13302166419863
13312363753389
13301875791766
13311636337175
13310729168357
13302755839363
13312464987453
13301754333564
13311165733576
13320861596536
13320226795825
13311667891266
13311337879236
13301337573242
13300737315646
13311796183675
13312343986573
13312235866579
13311369431862
13301426439382
13312728349533
13302394467383
13301863579635
13311666531364
13312713663533
13312522682549
13301834457795
13311325743335
13302346368193
13310373756512
13312656974458
13311434363253
13322657262938
13302823673729
13301497833225
13320763159585
13310459846674
13311335879566
13320338746964
13302434362533
13320833757933
13320759775835
13311763371456
13310369186666
13312716574423
13310227335362
13302344537553
13310778954364
13300461317662
13312536336323
13312536834779
13322457782559
13322635698333
13320376395822
13312727872359
13321562339867
13300879323737
13311226978527
13310186395756
13311674968322
13312562862479
13301473398263
13321844936335
13311729463844
13322765652958
13322362685559
13310528965466
13302446928473
13311777897125
13310697381535
13321837773916
13321663369854
13310278927426
13321646359837
13301432389656
13310579338622
13322246557869
13321762458974
13311374137675
13321647669186
13301726456315
13300761156536
13322356397853
13320333522565
13311656928635
13300429385476
13310268964742
13320728635962
13300791386647
13310773553164
13321263426985
13300829735757
13301827329675
13310558977457
13310639826373
13321235566895
13322267554869
13312544626333
13320568792543
13310617735545
13322754473968
13320863529542
13301361316565
13320628732956
13310761654554
13312262334893
13320766175355
13300869733624
13310758954765
13320659674854
13312473856479
13320459237876
13302823676359
13321765629843
13300879637553
13300879264557
13320583363339
13322466284923
13320333955875
13312653837933
