13320148456974
13311633839641
13301317633156
13310391863553
13300829661424
13322614552389
13311476829551
13320729251383
13302836672911
13302183334629
13301194758333
13311315983755
13302391814673
13302871442293
13310719771382
13322536451879
13302875445169
13321457168933
13321223718394
13311826117935
13310183369251
13302821737359
13321774129845
13310658964513
13301721371352
13310331156366
13322623316948
13321342729816
13301813293465
13311762331671
13320559127383
13310583956241
13320729786511
13322515344533
13302825723179
13321566128932
13310418944737
13300331536253
13300493381533
13311681559617
13302852744291
13320738232192
13321461728942
13300769381172
13320339246185
13300133354557
13321647791182
13310191387756
13312357841639
13312623827219
13320161856394
13311515333374
13321143749384
13310311612589
13321144283974
13312667183193
13321775311572
13310336515981
13320786135159
13310273153771
13300879623313
13311733398541
13302853143793
13321819437155
13311646113665
13320253415335
13321247393814
13321644419874
13311392583133
13320843735191
13311225981633
13310636155312
13321236193855
13301383759231
13312371944738
13312174835639
13322426331968
13322642253189
13310448914276
13311136829724
13311473891235
13321336649831
13321361539847
13321472911876
13312152873629
13312337862129
13311492171758
13322565554313
13300839236641
13320318773923
13321176678193
13302871236539
13321351748957
13310129826755
13300461918177
13302192454638
13320578265941
13322652414983
13310268119774
13322124655978
13320449616854
13322142757859
13311167928443
13321551768934
13300891617476
13321242719384
13310793416318
13310318395326
13311414839763
13321561529846
13312741845639
13322143546893
13302814344679
13320739545183
13311613968425
13302851362729
13300398153274
13301851479546
13320478341936
13300893615322
13301382459216
13322574133333
13302372439811
13312737531413
13310197185346
13300829166543
13322725457918
13321414758395
13322617674189
13321723281955
13320483132962
13301774331561
13312175865329
13321413729382
13311362389153
13310738935614
13321564193845
13301773331147
13320238625192
13311337333142
13312137963358
13312551387539
13300113526666
13310397185271
13321222679841
13302143434233
13301392368521
13320379265841
13312644164153
13321523581947
