13320567485977
13310486935773
13311866553593
13310876335379
13301787933372
13310597735382
13301163963782
13320649786547
13321376669846
13302827936273
13302466382679
13301336863596
13321275837395
13300768393636
13301316436665
13311645897475
13320533772352
13311765336525
13321776133566
13312626876469
13300368339276
13321365587975
13301761537745
13311696873357
13301464333667
13311696761558
13311745986655
13311775533642
13300337345662
13322255766533
13321765876529
13310733165665
13312358436973
13312467897373
13320766928573
13312777338293
13320673589357
13311587963747
13310733357366
13301785579723
13310677985457
13311675863953
13321762486935
13312769584323
13302372317573
13300733552477
13312237897663
13301873497275
13320643675353
13321676629875
13310429877677
13310779846626
13302757459863
13320566795383
13310668956656
13311344797585
13321474696845
13310257175879
13310731626574
13320843729574
13310733575566
13320437955873
13311679443866
13311674553343
13320689576525
13311627733534
13312674976478
13300769386754
13311749763857
13312379355678
13301769433857
13311762447335
13310798526726
13321573876579
13322745937873
13321177636575
13310778967337
13321657966538
13321757578977
13312753686559
13300789552675
13320366535554
13320676495383
13320693277338
13302867642679
13322672744533
13300433893563
13320768566974
13302167637773
13311689167655
13311666353435
13321839736355
13300798526264
13302766928273
13310389164667
13302737547331
13300733526745
13311666879275
13310278966662
13310836395632
13310729786525
13310663715567
13310431372978
13311266958766
13311645967835
13310333537766
13302875776749
13321794177338
13321836973356
13310698574773
13312687944733
13311646698524
13311666631567
13310331896466
13312693567283
13301368593662
13312637967568
13320379787557
13321726277985
13311875146669
13311757866595
13311576483396
13301787539537
13310669627384
13312456697528
13322636639538
13311734543576
13310733546567
13302362465333
13300377255543
13301792578475
13312468355669
13320269268357
13302856636669
13302826977233
13321643679866
13300493386476
13320783793547
13310337565958
13301777553416
13310798546627
13321776737515
13311284936525
13311247968677
13301729873775
13312655787549
13322773664869
13312679553258
13301466479382
13320389622557
