13320587575944
13322672345533
13301867749464
13300463335752
13312763719583
13312644784549
13311558363935
13322775536333
13311662869575
13310638974775
13302316427389
13312637856629
13320596245383
13312556368293
13321479458352
13310228795575
13321672578937
13300897345362
13300737189357
13300761552463
13322467647859
13321257749386
13311236973835
13321744759386
13322397224383
13301826393277
13311676839722
13321625739877
13320678276925
13321765378963
13311837943754
13312466164753
13302336934843
13320649765875
13311256398567
13320648747927
13322257636389
13310679836363
13300829772276
13300398626356
13301136633677
13311364983567
13301337863394
13320778757944
13320787375319
13321275487359
13311346968466
13320893375352
13311732629338
13300897455373
13302782552729
13310369824666
13312436856693
13312666136573
13302875745793
13300333367474
13311676948457
13322774226893
13311257893736
13301196783667
13310673352895
13311644893757
13320678339523
13322367137543
13312772864659
13301835579766
13311236353948
13322377755869
13302782522749
13312237876293
13312762926268
13320733573534
13311763398734
13311264347435
13311763869632
13311782593724
13311476389257
13300833335956
13302384724679
13302423479863
13321474379386
13321265778937
13311734563542
13320683357972
13301793353338
13312673952678
13312662957278
13300333427377
13322667342879
13300879647346
13322772376948
13320786275197
13302755464333
13321762578937
13320679346837
13300897255273
13320286445973
13311677839537
13320793246837
13301738539445
13300893735467
13302876372649
13310836715339
13301826793364
13312572794548
13320769464384
13321242786359
13322274266983
13322267675859
13302769367831
13321733638396
13311663948266
13320793225866
13310873594265
13321337596825
13311226897445
13311665829637
13311527893567
13311626849764
13321763793855
13321639358544
13321662359866
13312665955778
13301846679427
13302783544279
13311767948557
13312293644833
13301857379647
13300789533456
13310583975726
13311377869643
13310643715567
13312379513658
13310367835495
13310833393477
13321487393533
13301497353328
13311665928737
13311566839774
13321317197568
13311623897235
13311455897655
13302393662478
13322765365389
13320277555895
13321846233395
13312686571669
13301875669326
13311777948256
13322366154523
