13310491856462
13321424249853
13301831263595
13302397531583
13310731532455
13312173956283
13322532637198
13312336192628
13300336651145
13301873931333
13311726333321
13320229247186
13322663434198
13311874313549
13300198342664
13302813633933
13321452338955
13320698166521
13302383512779
13300198737353
13300333579815
13300891346437
13312685533319
13300133653356
13310393831757
13310273117176
13312277116733
13300167215751
13320791235865
13322629855313
13310781935337
13310418395765
13322893563331
13302844554449
13320549555822
13310553135357
13301387169522
13301455398631
13300891444774
13321196177138
13300716981535
13322123617563
13301758913435
13322492827331
13321142733554
13321464531355
13322742717513
13321814673971
13321543348935
13312777827911
13311286943514
13301138749352
13301185269247
13322745733981
13301341533474
13312516334423
13301314243634
13312475865391
13311328413975
13312761337163
13310668917771
13321553691385
13301363331525
13320159385565
13311752313928
13300361157273
13320177571985
13321155569338
13310269182625
13310313555363
13321453216985
13312242197568
13310528935534
13320781752952
13301385759217
13320281652963
13311235981673
13312221758933
13310463895214
13321745231352
13322715327983
13302837441933
13322733256198
13310683916554
13312252875791
13300333318739
13320148674392
13311792133835
13302184472593
13322456557133
13320529332833
13301453398164
13310398535614
13310627115672
13320469252318
13311137398363
13322147755893
13310683922175
13321124363355
13310381962645
13302718535691
13310259318644
13310631526177
13300311896766
13302734316713
13322466781591
13322555532928
13310693872414
13300893626312
13312637851393
13301445331734
13320283662941
13302397752318
13312223822559
13301184479272
13322753227891
13302397431648
13321314583397
13301384519646
13320313726551
13321365381393
13322352532948
13312526314353
13302119673768
13312576381239
13311426731571
13320696515318
13312423337143
13300317415656
13310638195375
13301821933754
13302393446168
13310268339155
13321514833973
13300133337732
13320791445826
13301414383595
13322719228333
13320466835119
13322895655133
13301339228164
13301116543677
13301455389162
13312317179683
13311652331632
13300133297822
13322373446189
13310231352346
13301334413426
13322426394518
