13302383445539
13302186633393
13300829765163
13321147933836
13320831563392
13310713528329
13312565361533
13320361853922
13302144336233
13322635612869
13321617378923
13300468395175
13320179652338
13322173934843
13300383795541
13312547986413
13312223367133
13322616633839
13301864459616
13320279142876
13302477819353
13310779835471
13322393516538
13301835293425
13302116846933
13311153668394
13300819646733
13322174234353
13312166874449
13312522843593
13312546316543
13321122863593
13300839651636
13302465148943
13310197335854
13302861726429
13311877331395
13322626262918
13321257739816
13320689524531
13302875615469
13322724772918
13310293158625
13321537356135
13300196835761
13310159823666
13300819637375
13302863154769
13310363156333
13310689517442
13311624826195
13322664122968
13302822731679
13321273471353
13312527641398
13311152879775
13310159827567
13301452313673
13320558717962
13320426135352
13310139846762
13301376533144
13322627172928
13311615839277
13301169483223
13311331869764
13302741339258
13312761875439
13310729855616
13300819377547
13312426974178
13310468961265
13311468743914
13320349667841
13301827933147
13310463358159
13312721468953
13301138479732
13321363268971
13320438719533
13311255871954
13322164764928
13301734331265
13310833193265
13310368641393
13301791833245
13320329663871
13300897545212
13310313594846
13321667477115
13312127394833
13310639877123
13302395434538
13320826559515
13311143937835
13321573219866
13300163435533
13311532363154
13321377179835
13322628759133
13321136933857
13322332718549
13320831722937
13322744789331
13302728931523
13320578771925
13322452545983
13322186437193
13301185226595
13321261257335
13320778371943
13321673219874
13320179756845
13322636427918
13321817167579
13321466518927
13321157528976
13321685159553
13322466217859
13310628976212
13320779625841
13321189733533
13322224534333
13321475261353
13310257315563
13301317163666
13310691656318
13312737963148
13321857553519
13300849641727
13322426713968
13310438393333
13312665338319
13321389613335
13322366275918
13311222781394
13310618955672
13312626138559
13300779117387
13310456315894
13311232893442
13320273951843
13312325317563
13322635162879
13301494433381
13302821296633
13301793581166
13311214879663
13311123869366
13311666613521
