13311535849526
13311417839666
13310531752544
13311717533334
13310338944624
13312153378259
13302367544133
13311466918647
13312323836429
13321445568955
13312783414933
13320639717875
13312676815293
13312545944578
13300333832293
13301823549263
13320631755552
13312354837339
13311265981664
13301834459372
13312334634513
13322736463313
13312568352719
13322671227893
13312166739581
13311829713553
13312274965681
13322757371389
13321544329826
13311247928542
13300196685533
13321374871359
13321223249857
13300173353928
13302842423579
13311617869565
13311622863915
13320458545936
13321323328974
13302343137633
13312327934348
13311129337285
13301854269225
13301169558322
13302816277759
13322374662981
13321743328952
13311267891447
13311263361452
13300859366661
13322264342928
13321271677155
13312717867229
13300419343738
13312632967381
13301855239624
13310239855556
13311437789521
13322353373859
13311345843395
13322463764331
13312673195638
13322522754928
13322378154359
13311771893546
13312667844179
13310467315839
13311677891342
13310661318295
13312433954368
13311337543615
13302832676291
13301384731955
13320576915855
13310659854443
13301793558416
13311394853532
13312227855249
13320748532954
13301363219238
13311665819665
13311474938444
13320478426197
13310391365338
13310283394245
13301148733297
13322341367353
13320673315525
13321744358933
13321866931354
13322651338569
13310268946617
13310281722396
13320871352934
13320713542547
13301717377135
13300789575123
13311442928474
13321377149387
13300819577656
13302873277719
13311529333845
13300869261277
13312516977748
13322697124558
13312266381369
13301845639533
13322165476978
13321742768193
13311721879727
13321196273384
13302852256339
13321233769187
13310359186626
13322444525978
13321875633591
13320659772185
13311197383644
13321473179876
13301813366935
13310368945525
13322427422958
13311652713534
13310558975355
13322332364849
13322524336829
13300331362675
13302792517458
13311527859452
13312336194778
13321478633159
13322576437331
13311175986555
13310533371335
13300798517442
13321167638927
13310227135896
13300133667453
13311666819473
13301176137645
13322274685591
13301362343135
13311394183566
13320228256934
13310231954857
13301383293535
13320239222872
13322276177928
13301195268636
13301148633972
