13210437355
13211734533
13210791867
13200891676
13210791867
13201364533
13200363353
13201337533
13200336425
13201364533
13200447335
13211634333
13200333562
13211264333
13211677189
13201817679
13200333622
13210668197
13211623333
13210633553
13211374533
13210337355
13211547333
13200373552
13210463354
13210719866
13200336245
13201365233
13211677918
13200373254
13201197768
13211375333
13210447335
13210337525
13210357335
13200333642
13200333246
13211362533
13211716978
13211167879
13210373553
13200363554
13201362333
13201734333
13210619867
13200333735
13201337523
13210733543
13201876691
13200869616
13322755314311
13322514227113
13322462131189
13302451894131
13322121317978
13300113331327
13301186339511
13310171157651
13321431718391
13311631819741
13322611542891
13302196213148
13321711561156
13302811214769
13321111768925
13311336311251
13322437544111
13301823191126
13302141514233
13322226131891
13302851771419
13320591134817
13312167651311
13311533133161
13320219153186
13322133733311
13322126251133
13322516174819
13321141718975
13322411622313
13302413143313
13311712849711
13300131442612
13301114983313
13320591711834
13322157415313
13311553111427
13311262131341
13311417869141
13300311214372
13301831491517
13322431914813
13300111342437
13322213136198
13322515137891
13320719515861
13322363353111
13311275111523
13310691851415
13302874115591
13321819311535
13311741133155
13320191134826
13300111535557
13312414381913
13312351916178
13311134983116
13322737211819
13322417523113
13321212519187
13322144261198
13300189271212
13320168134961
13311711879521
13322235621113
13310268921116
13310138971146
13322312136331
13311374111553
13310191813427
13300891175414
13320193271812
13310119826751
13312247184119
13300311261455
13312231192831
13311413313316
13311121133624
13311532113721
13311234311217
13311232111457
13310118392371
13302861631129
13312752941181
13321531193817
13320168125391
13322655244111
13300829311671
13300313121635
13310281119253
13312173953181
13310191814462
13322717251819
13302833711391
13311561968112
13300789113511
13300131316524
13321371481931
13301181139464
13312161182329
