13201334983
13200893244
13200849443
13201894333
13211524893
13211222839
13210348955
13211532398
13201854359
13211525849
13210398555
13200843295
13200398242
13200393285
13200893342
13200893455
13200893325
13210583945
13210338934
13211425839
13200829542
13200859223
13210429338
13210329384
13211325849
13201844349
13210233985
13211383549
13210771557
13210449825
13211523389
13211454389
13211435829
13211332928
13201843339
13200849333
13200893553
13201394833
13201834239
13201825293
13211324398
13201823429
13210583395
13210328952
13200839353
13200389452
13201852393
13201845329
13210389535
13201833229
13322243948111
13310131354132
13300161457151
13310118915346
13322498345111
13311442111289
13311411918625
13320718133931
13311166111257
13321122311554
13321531418916
13300879113125
13322415117829
13311851133912
13312117841549
13311114958156
13320181522192
13312261813519
13300311423189
13322477621111
13322855591311
13321241149871
13311116849421
13320168151934
13320218216921
13311115928147
13321331328119
13322144157819
13320529115861
13321412811944
13300313891541
13312414143133
13311151611564
13312144452311
13312511831379
13321555128119
13322751177113
13320739321811
13322212598311
13311774111631
13311316117145
13311621849115
13300111773561
13311771111356
13321653318911
13312312114423
13312221184591
13302815312619
13312411961548
13312132143133
13310191184444
13322615411928
13311214819163
13311411419382
13311612819213
13311116839331
13322332116918
13312112874129
13321141469831
13311416161351
13300111146466
13300859513116
13321213369811
13300869115122
13320168125941
13311121948612
13312732911158
13322115274819
13320171911358
13300819121362
13301814619154
13311214313981
13321342911841
13320416561115
13322584925111
13311711113764
13321211913844
13322114412879
13311892111224
13321411139864
13311435131918
13300419384511
13311151948146
13311215161651
13311427819114
13301841349116
13300879211142
13311161711542
13312144951813
13320128351916
13312251391281
13300819521165
13302811715549
13312114813749
13301841119563
13311859111235
13310831911354
13300311214589
13311313869141
13320438317911
