13210758973
13201382779
13200879246
13201865579
13210778925
13211768593
13201846649
13211256869
13200893377
13211374978
13201397268
13211663948
13211596863
13201875649
13200897375
13200867395
13211456968
13210877529
13211634879
13201863659
13211652968
13201393768
13201847629
13211623978
13210779824
13210779854
13211646398
13210786925
13201876259
13201782569
13200893626
13211662849
13211696558
13210478396
13211597873
13211236978
13201778933
13210378965
13210769834
13200398672
13210458966
13210877595
13210279865
13201785579
13211625978
13201396628
13201396648
13211426978
13201862469
13200839674
13310381912555
13301117383519
13322255422311
13322432122313
13302186227191
13311515198533
13310311526316
13322531554981
13302196213813
13300311617895
13311441189554
13322152535198
13312413395138
13311871113397
13310416115257
13302817116379
13300333244141
13312733182911
13312535832191
13312524181459
13300111972863
13320813163195
13311697111548
13301827911371
13302713453311
13322413334198
13301856169116
13300189544315
13301317713312
13321117178973
13321298631511
13300198515552
13302141138369
13311411193685
13321512491843
13321434611571
13300131532252
13321631271351
13312311167333
13310159382143
13302847163911
13302318171369
13302381214329
13301197281163
13322514718519
13310768119133
13312491681313
13311869311136
13311511983522
13320119222383
13310847115915
13300198545313
13311542131354
13300317225115
13302463431311
13322795847111
13300311169628
13322615391581
13311169131826
13301161331265
13312851149731
13301712311356
13312553833191
13301338691112
13301196811242
13311335189145
13300111793286
13300189355133
13300313322513
13312356118391
13311461719381
13312354184129
13301862911162
13311153171454
13310291831234
13321711536135
13311455331132
13320128139156
13310148119577
13301148493171
13300117155522
13310228194513
13322315123983
13310538391122
13321161363154
13322125234981
13321141313576
13312172381931
13310581932124
13311619548115
13322512445891
13321414328391
13312618451913
13312164836911
13310813191257
13302821617179
13321255591812
13311113861955
13320193132842
13310311573714
