13211747968
13210797865
13210669873
13200879672
13201876379
13211774869
13201896663
13211277879
13211763869
13211777958
13200829677
13201769863
13201769873
13210368976
13200879747
13210669837
13211766928
13200893766
13210668974
13200859667
13201767389
13200789566
13211665968
13210648976
13210798577
13210769874
13211765968
13211776893
13210668936
13201857779
13201863779
13210679386
13210669387
13200876795
13211766849
13210568977
13201387769
13211646869
13210578977
13211762978
13200879627
13200867695
13210678973
13211764978
13201862779
13201386669
13211665978
13200849666
13200869647
13210876569
13302117714983
13310283914461
13322272145313
13301832691313
13321117569834
13302192332718
13301191378223
13312414677311
13311221331754
13300893115475
13312543856191
13311417189424
13321446418961
13310759825611
13310313831395
13321221519866
13321614291835
13322221536198
13312121872659
13300819316753
13311327978211
13321357491813
13302134254213
13322475631819
13312761162431
13301845493171
13321163168922
13300829615615
13301814279614
13310158194642
13320591225861
13321751128973
13300198154347
13321135738961
13312667114143
13301821769214
13312142385913
13311131333573
13311377938141
13311523331164
13300111727627
13320328751917
13311263968112
13312363941581
13321741348391
13310118945772
13320268561941
13312672831219
13310719812654
13320729511826
13322331162968
13322631225891
13321711639832
13320518174974
13321234618195
13311455113462
13312461843719
13301319183335
13321715238192
13300819143467
13321315568917
13310518962471
13312745961418
13312263182149
13300189444127
13310619831457
13311212893751
13310191826335
13310119382426
13302855165591
13301817469124
13321773148913
13320759112846
13322234614313
13302871317529
13302873213169
13321142391875
13320129653185
13321117493835
13320383116945
13322374341981
13311263131453
13321136449871
13322363415198
13300131534557
13311671829521
13311534131723
13311174938147
13302851146759
13302813621479
13312451177731
13322141572983
13322551724189
13320718453961
13322216251398
13321152681955
13322672415819
13312141973368
13311636918144
13320419274861
