13201856619
13211163968
13201186759
13200839716
13211614879
13200879517
13200198727
13201187759
13210279861
13211697518
13201896173
13201817729
13201871649
13211797518
13211177398
13201183679
13210169872
13200333525
13211787591
13201178793
13210629871
13211147978
13200829671
13211175968
13201396781
13201846169
13201875791
13211718579
13211764189
13211761958
13201877139
13200189736
13211657819
13201867139
13201847179
13200879714
13211816973
13211716983
13211467198
13210681964
13200849771
13200829167
13211664189
13210697815
13210687915
13201318679
13211774189
13210791847
13201187749
13210719836
12302778946
12302753978
12310839445
12301733367
12321578393
12312338393
12320787956
12321539758
12301433365
12311337352
12321345656
12310836579
12321356938
12310687769
12312554233
12302738923
12321843697
12321498735
12322653958
12321874696
12312757533
12310875975
12310496268
12311466335
12321846795
12301433352
12301733354
12321679387
12320836494
12321255736
12301466374
12310277654
12312446938
12300796843
12302463756
12311375677
12302776446
12301789644
12321845369
12302436879
12300735642
12301756375
12302872493
12311647968
12302426753
12321449852
12311337356
12311745345
12300486975
12302723773
13300131543133
13301181691146
13312516861911
13322523412311
13321211283913
13321161913817
13301391238114
13300313131253
13322612689111
13301811911647
13312331911483
13311154313521
13312131832291
13300198215125
13302191361831
13322413214891
13300111597178
13321119871154
13311115893122
13312277141131
13310119383213
13321175719118
13311616111893
13310611531721
13310139182512
13302191533318
13300171454131
13320117335151
13300111768129
13320719621118
13301193318145
13322135443131
13320181162197
13311315133315
13311542131251
13301183139215
13312541197811
13322234511198
13312211681519
13310518191454
13311554131312
13312152915581
13300131145342
13300189121445
13311351113322
13302318161179
13312111953583
13300131125234
13302192441518
13321216611551
