13211677533
13210667555
13201776353
13210773356
13200366655
13201336763
13211676533
13211676553
13200367755
13200336665
13210677355
13200366655
13210776555
13201366633
13200367655
13200337765
13210767535
13200333777
13200337675
13210676335
13210766335
13201776353
13201367653
13201336773
13201736573
13210677355
13201337663
13211677533
13201776333
13211676533
13210633576
13210673556
13201777353
13201367733
13200766355
13211636573
13200766335
13201376733
13210773557
13201376733
13200376655
13211637563
13201776353
13210663556
13201777553
13200767335
13200363657
13210773556
13210633577
13201777533
13310418339415
13321377168191
13302815713459
13322636643111
13301835119642
13311115178639
13310748913531
13300849316541
13320718344914
13302318441349
13301835119564
13302174113633
13312175841239
13302831224719
13310658912241
13321115429837
13300313428139
13302821321269
13320619455814
13322174717981
13312115932748
13322613153928
13301318329421
13311724819441
13322217533918
13311614731531
13322631312849
13322162176133
13310331531453
13301822219417
13321187223119
13301872259141
13320228151957
13301813279412
13300819344371
13311154829156
13311664331117
13300317515216
13301718191571
13320381524192
13321454119338
13310518951375
13320438651951
13312412853179
13322415714958
13320228142971
13311611971854
13311849131325
13321682119516
13302361715431
13321171168967
13311351331958
13311316513641
13311132849162
13310378953113
13320719144845
13321164518924
13301825749311
13312645845119
13322156521948
13312211934478
13322256177113
13322127515938
13322431474918
13312623186911
13320218416953
13311615719318
13320759512821
13302144217631
13310133135433
13311424938116
13312123445313
13311541117275
13321516871159
13321614518954
13320187635911
13322547112948
13310691861126
13322841715931
13312252319518
13322141744849
13322752276111
13310529138512
13320193313383
13311416816915
13322282529131
13321251138962
13311717981416
13301343531315
13300313398515
13301119338522
13321443281192
13321151358956
13322311382559
13302195242281
13310528927121
13311427611551
13322766351113
13300313822192
13322124654819
