13311353849361
13312681517493
13311113477335
13322575251948
13302412375731
13310538941722
13302792428311
13310219837322
13300849621224
13322521464948
13302845745519
13311891731355
13311149333258
13310418957334
13312453933813
13321393118576
13300313529328
13311156948543
13311135938437
13301383491552
13300897515715
13322573726311
13321661748193
13321476178195
13311257938513
13311247829531
13311115986265
13302138455329
13321532618932
13300839342127
13321323129865
13322421733849
13300849745125
13321127239843
13310679186413
13310479815254
13311437317135
13312717184759
13321164253351
13312656816179
13310681914757
13310431751534
13322617464133
13322146717333
13322124644948
13322795141578
13322751641533
13302825321379
13300133395348
13321575519845
13310138934357
13311747918617
13320619517866
13320368545941
13300333189233
13302192651768
13320319452857
13312381553249
13322362551859
13322147719558
13321143429856
13301138691623
13311465938315
13312221932368
13320539253816
13322564664113
13320569531844
13321152339836
13310611595286
13312361397168
13312395512448
13321561681965
13311527928215
13301832219745
13302142136733
13311254131667
13300839724431
13302836271791
13311771869621
13321266191338
13321756218197
13301821639423
13311786193124
13312613934358
13311272113627
13302864134539
13310518932257
13312561867719
13312131783579
13320578726191
13320631172545
13322731366891
13322645455918
13312146954438
13301338139342
13321352533153
13311415849565
13312625952218
13312524334143
13310573971185
13322623515829
13302852473519
13310638197136
13301874539431
13321327218954
13311653958135
13320559516834
13321543391384
13310218946224
13312683729311
13310258912356
13310613489351
13302336261313
13301781931633
13322321333869
13312114796528
13302826671591
13311663311437
13322374616331
13310549874412
13301719423816
13301855729133
13320658531933
13321435813549
13320348531965
13320226891315
13321472258915
13310128965235
13320593278151
13321654191876
13320629513845
13311173313736
13302821616693
13301853349712
13310611621598
13310831193576
13321441487195
13301817239554
13312516824339
13321133197865
13312667961158
13302191684263
13302833744129
13311377311375
13300311764655
13322221667981
13312164916783
13301846159422
13302813225729
13322145736513
