13211695558
13210369842
13200337745
13200398754
13201382469
13201376253
13211634893
13200378339
13200849652
13210329863
13211734849
13211423968
13201337573
13211233968
13210279853
13210749824
13200398356
13201739853
13201833379
13211243879
13210729384
13210493837
13210758934
13210378955
13200789552
13211346958
13211636523
13201737533
13201384269
13211454869
13201862339
13210446985
13201465398
13211734839
13200368339
13211346389
13210837925
13200893742
13200793382
13200333267
13211734948
13201338659
13201845469
13210348974
13211327958
13211753829
13200379338
13211693538
13210338963
13200896445
13321651449118
13320683116941
13322143155948
13321132181396
13312315841239
13322231757113
13320781136913
13300311819644
13300849145134
13301872791115
13310353115317
13311634111563
13321412711524
13322375734111
13310536115313
13311522111775
13312424316113
13300111865952
13301834911713
13300111744498
13322131377313
13311516189731
13302193643181
13321133529831
13322133466113
13320318352921
13322725981311
13301117233135
13301823359511
13311135819545
13310571151243
13300113698415
13320811573931
13300111776716
13321134549831
13310738391171
13310681191324
13322141354948
13311273111564
13322363634111
13322516985131
13301318139641
13322553514918
13322661331198
13322315524819
13300829124213
13312741813791
13311849111465
13312112873931
13321421173351
13301842129312
13300849511454
13311329111783
13321124528914
13310129381661
13322567121133
13312412922158
13311742113164
13310711555514
13312351813249
13322167453113
13320311589541
13300113272715
13322117625313
13322312674311
13312431917831
13302185173169
13310261351312
13311247113217
13310216315513
13321571783911
13310538191176
13310813956141
13300113781349
13302195133681
13321131449854
13302118225169
13310381191337
13311163311336
13311411938443
13310523115172
13321433158915
13312444813129
13310361152512
13300131616544
13300331987131
13300131392618
13311675311313
13321214128934
13311367111553
13321614481917
13321376118391
13300111623859
13321271331513
13320119232845
13300131331689
13311174131336
13300198613751
13300133317127
13320181721973
