13320383362119
13321115678946
13312325835591
13300311962856
13321624739118
13311217918775
13322413479158
13300313156987
13312521319678
13311243981443
13300398414252
13310318693551
13300133587791
13310638911266
13322434151353
13312312897173
13300879127416
13321521313567
13310418615339
13302834255491
13301821669261
13302471829173
13320773611157
13310261351557
13300131589736
13301738123941
13322253321983
13321134283943
13312653381931
13301468113942
13301137633152
13311312187295
13302394142338
13310569827171
13321132329385
13320193353843
13321611478972
13322751561978
13301877159571
13322789527311
13321137157335
13301722331721
13302731895231
13310139877126
13302138641469
13320738611975
13300847195164
13321342481933
13301166331442
13321216648961
13321198573152
13300113897226
13312534182349
13321635711534
13301481933613
13322271897133
13310811947562
13301719181553
13311134153436
13322426187913
13320581523923
13312562319618
13321573748119
13311564153351
13311243313434
13302362344131
13322553223198
13322865794311
13320313123547
13312727319148
13312694571318
13302816794133
13320219216867
13311179623851
13300313874916
13321547791184
13311234153157
13311545389531
13320168561962
13322369478311
13310673115534
13321154496815
13322321433398
13311232333133
13312161458963
13310331572317
13322315771869
13310469816136
13321346731531
13320569417817
13300839371177
13311611839367
13311222611524
13321517813927
13320791257182
13302338642191
13311386131729
13311445171552
13300133523423
13310249381522
13321175158977
13301384129452
13310398561561
13322897622131
13322353425313
13311237978611
13322316713879
13322762611849
13301136333641
13310847519517
13302139753481
13311148331697
13312561342631
13312555967811
13310463115573
13312417817369
13322234414333
13312632472311
13321731771551
13321136263155
13322568973131
13300869741713
13300133169836
13302811297633
13301781931244
13320428515394
13301817446195
13321741593186
13320781755195
13320459343381
13311677111663
13311435798511
13320313615544
13311569311836
13310731527123
13312642161333
13321165729817
13311641869127
13301318793221
13312253935381
13302314134363
13321777519812
13311161849636
13320169177833
13302318556193
13312571857619
13310149347138
13301415313636
13310768319513
13310128751339
