13200879666
13211767879
13210679877
13210769877
13200869767
13211777968
13211777978
13201876769
13211666879
13211767968
13210669866
13201877769
13201877669
13201866669
13211766978
13211776879
13211777978
13210768977
13201866669
13201877669
13201877769
13210678967
13211677968
13211766968
13211666879
13200869676
13210678966
13201866779
13211667978
13201877779
13201867669
13210678966
13201867769
13210668976
13211767869
13211776879
13201877779
13201877669
13211766869
13201867679
13210769876
13201876669
13210779876
13210768977
13200869666
13201877779
13210768967
13211676968
13211676869
13211766879
13322132266313
13311614419383
13311862113955
13320811474942
13320577171135
13300891725126
13322374643311
13320693631821
13322346326113
13312143952438
13322231367331
13322644745131
13312545447311
13300311735654
13322347725113
13311631893164
13312742145231
13302183655193
13311829113573
13322764214198
13311461177135
13322552176189
13300133377144
13312233161433
13300133744751
13301318479512
13310219855254
13312713835791
13300313341627
13322247161983
13322561126389
13301197383155
13311716893414
13311661611523
13302182374391
13310591865613
13322475264131
13301161533452
13311794113328
13321332311557
13310481976124
13321357191846
13321746291831
13300313847129
13300311236427
13311555948421
13302182517269
13310691812625
13300113283729
13311523819255
13321715691823
13320313819562
13310433151257
13311135826195
13320583611973
13310358912524
13300389261173
13311166189424
13312735191468
13311511389627
13322384396131
13300131853973
13301134753514
13300313338961
13300891266215
13312263143231
13312755193718
13320549523821
13310218391467
13312234154513
13321614578391
13312262114353
13321354529813
13300198212747
13321411373335
13310149184773
13312714823791
13321122573154
13320449415834
13312614314223
13310681921643
13301851529535
13322126457198
13302451381659
13312332851459
13300313928712
13320318775194
13322554432918
13311231171657
13322216643891
13301822149232
13301116713665
13321132613524
13321643293181
13310731116176
13300311965834
13320281166955
13321222259813
13311632113474
13322552746113
