13211767113
13210439841
13201383491
13211222891
13211514983
13210429831
13200438391
13200389122
13211315849
13211414829
13201182349
13201139538
13210833319
13211313893
13210259184
13210393318
13210493182
13201195483
13211133389
13210359821
13210581952
13201394138
13201815229
13201841339
13211451859
13211532189
13200189434
13210249138
13201777311
13201185549
13201117763
13211415829
13201194583
13200398513
13211123958
13210593183
13210381925
13200823195
13210438913
13200149538
13201395128
13201138339
13201835391
13210833921
13200398551
13211525891
13200839214
13211413948
13210318394
13211523198
13300111521389
13301452311113
13310429811116
13300111716471
13301851119614
13320181231391
13300111852519
13302139112518
13312113118349
13311319131851
13302195124181
13302815614119
13310118917413
13320138135119
13310118119553
13300111213498
13310619811521
13310118961251
13321115319318
13321411128319
13301194181124
13311714111176
13321441231151
13312451912811
13310113315512
13312411962118
13301314113514
13300859517111
13311835111912
13322231171918
13312231414311
13300311931581
13300111421298
13300311112289
13310118912571
13310519811174
13310158119154
13312512381191
13300113195184
13300113149128
13311311819371
13320831115931
13321111513985
13320481132191
13301811379114
13311611859511
13300113318291
13311148113913
13300819171221
13300131581912
13301119248112
13312351861119
13320118745911
13311895131211
13302861311419
13310458911116
13322566171111
13311484111913
13321511128139
13321411139871
13320561611151
13302831113619
13312115318519
13300111147176
13320183511194
13311115978121
13301873119131
13312121191483
13300113116167
13300111121666
13322716117113
13311115968511
13300111717615
13320659131811
13320191331183
13321214311531
13322531111978
13320148711941
13300161152611
13300131514819
13321411283191
13300131167116
13322811493113
13310259118114
13320118341916
13311516117115
13300111376611
13320319123118
13321121119874
13311566111711
13310243115115
13301118911147
13310179811351
13301139158211
13312131915831
13322314984111
13312133911168
13322189531131
13322419458111
13310811913351
