13201396518
13211194863
13210459817
13200133673
13201347731
13210168952
13201396218
13210619844
13201137363
13211652891
13201873291
13211262981
13200313896
13211147948
13210348916
13211798331
13210781393
13200859147
13210831972
13200331757
13200317755
13201864319
13210219387
13211723189
13200477315
13211474981
13200398164
13210138397
13210216985
13211627313
13200713563
13200863195
13201897213
13210861592
13211351879
13210539861
13211275891
13211719528
13201717533
13200419387
13201846931
13211575918
13211226981
13210178392
13210137985
13200133726
13201136273
13210369183
13211713859
13210739138
12320731766
12311795812
12312758193
12312124983
12322451763
12312547166
12320138597
12321651938
12301431986
12302741453
12321771664
12320731253
12312617859
12312476416
12312127753
12312746146
12320471536
12312144633
12322613766
12301756317
12302471333
12302819726
12300433517
12320335457
12312416928
12310839215
12312717433
12322254163
12301771839
12320138539
12312124233
12300791468
12312127333
12312349186
12312417463
12321218396
12310277136
12302716446
12302745413
12320731655
12301726314
12320174565
12301413363
12322153466
12302819456
12312174633
12322218796
12311376351
12312714663
12310376521
13312321813419
13311616189151
13322314411948
13300111392871
13311812113619
13300819334113
13320418321921
13300311131757
13301193181174
13302851174911
13301181169162
13302841344119
13320191661815
13311421819551
13322189265111
13300111547561
13311513111576
13321163191861
13322164711198
13311821113179
13300111436651
13300111712753
13311243918411
13300113341717
13301844119142
13312171186419
13302181614491
13300819514122
13311196311318
13311712113516
13310811917512
13311211859124
13311333918141
13322761135131
13322411617133
13322191487311
13302811157931
13310191866115
13322798411311
13321251118943
13300111561327
13320418135915
13311153819415
13301812119244
13311716389111
13311221111869
13321215318921
13312211644311
13300111152276
13300111645891
