13211562331
13201164333
13210313564
13210613545
13200347135
13211754331
13201174253
13210331527
13210263351
13200137455
13210631534
13200713534
13200731354
13210431356
13210733515
13200133653
13210127335
13211741533
13201314733
13200331556
13210426135
13211633313
13211557331
13211247331
13211644531
13201371333
13210231356
13200313732
13200133743
13210733551
13210337315
13200316225
13210431356
13210631552
13200313465
13201365331
13211456133
13200313446
13210563152
13200361552
13200313236
13211564331
13201174433
13210613523
13200313356
13210333157
13200136545
13210613533
13210233157
13201316433
12320871169
12320831469
12301491681
12320331557
12311117336
12320179568
12320335157
12310187169
12312117466
12322214163
12301411869
12320771135
12300731157
12311314918
12310839131
12302418916
12312179183
12321161839
12321371661
12312517163
12302411433
12300471136
12321419381
12301791381
12320178957
12321118369
12311114366
12312317163
12301869311
12311157351
12321143661
12302785119
12302795118
12301776311
12302411986
12321519381
12302751163
12311117354
12301716371
12312416819
12311117336
12301849311
12302745116
12302831193
12321147661
12302745113
12310137136
12320491138
12311514918
12312416413
13320118551197
13310119871641
13321111358196
13302841112791
13302182141619
13311134131714
13301181569114
13311414111227
13300111213653
13311171311333
13322752331111
13322514171189
13311531981161
13301851691411
13311112113236
13322226331111
13322137145113
13311143331611
13300111225136
13302318141291
13300111713245
13322117131968
13300111221634
13322414743111
13300131436151
13321751381911
13311622131121
13302422121311
13322164115133
13300311114634
13300891714114
13311563111541
13301138293111
13322214171189
13322152317131
13311425131171
13311654111154
13312131185719
13311112189371
13311511891417
13300111351655
13312474911181
13311572131121
13311551981611
13322117234113
13322341371113
13311122311471
13300131645151
13311115331217
13311113891156
