13210718196
13211166189
13210191867
13200333123
13211253331
13200879711
13211545133
13201334153
13211341533
13210681917
13210719871
13200423315
13211221333
13211455133
13210169871
13211761189
13201455331
13201341433
13200819671
13211711869
13211343331
13210719817
13211445331
13210553135
13210213335
13200133452
13201342331
13201314453
13201817691
13210243315
13201816619
13211234153
13200331244
13200331535
13200313332
13200133322
13211166189
13211314523
13210618971
13201861691
13200331433
13200333153
13211344133
13201421333
13200331255
13210719187
13200869117
13210179817
13211325331
13211253331
13320119221182
13300113515551
13300113151335
13322353131311
13300311134123
13302185151219
13300131143515
13311453113411
13311413133211
13300311214133
13322515111398
13300189111524
13302811544191
13311513111222
13300313121431
13301391118122
13301184519411
13300111224531
13312142191318
13322324155111
13311115311352
13311133311413
13322322311131
13311221111352
13301181119332
13300189314114
13300189411512
13311441111233
13320147141115
13311542111144
13300131112232
13311431113142
13311224111132
13300311551152
13322114533311
13310291811145
13300171351121
13302191341128
13322521112189
13321321418191
13320181151944
13301821491115
13320581151915
13300131453131
13321116571151
13321151249181
13311344311151
13322252121131
13322442131113
13311144111342
13310181931451
13300313111223
13300111332214
13300311123241
13300111425515
13311112331212
13310181915412
13300189411132
13312121945181
13320118254191
13302194111528
13310418192151
13310239181131
13300111554214
13322112225311
13300131331413
13322142142311
13321119711581
13300113142133
13300113115334
13311155981141
13311221111534
13311312111524
13322143314113
13320158121193
13311112133152
13311178111179
13312161391811
13320191313813
13322411355131
13322121441133
13310811977111
13300711513141
13311112131542
13302185111349
13322133411133
13300116115145
13301834191114
13311124111545
13322324311131
13300331111255
13311235111215
13310781119411
13301185149151
13322311542113
13311524111251
13301185219511
13311513311541
13301821391113
13322553511311
