13200111767
13211667111
13200111677
13200111666
13200111667
13200111766
13200111667
13200111766
13200111667
13200111767
13211666111
13200111677
13200111776
13211666111
13211777111
13200111676
13200111667
13211677111
13200111677
13211767111
13200111777
13200111776
13211666111
13200111777
13200111767
13200111766
13200111677
13200111767
13211676111
13211677111
13200111767
13211667111
13211667111
13200111767
13211766111
13211677111
13200111676
13200111677
13211667111
13200111777
13211777111
13211766111
13200111676
13211766111
13200111676
13211676111
13211766111
13200111676
13211776111
13200111766
13321141518911
13302811111549
13312411911418
13320118411915
13310811119117
13311315819111
13302821111149
13302851111159
13311413819111
13320119121841
13320119115851
13311141819151
13322312111918
13300849115111
13321111159814
13321311118931
13311121819112
13320139411811
13310119851115
13312131813119
13321111149812
13322176611111
13310139811511
13310318913111
13322121111829
13322153111918
13300819211151
13321111239811
13301832119111
13301811419151
13302811121419
13311511859111
13320158112911
13300859111411
13321143118911
13300819141112
13321112119821
13311112849111
13312211813119
13311113918511
13300839311111
13312411931118
13320119111825
13301811119341
13300819121151
13322113114918
13321411218911
13300849111411
13320519114811
13321115418911
13311112819411
13320118151915
13321111118953
13320518511911
13322131111839
13302811113219
13310119811512
13311112918112
13311511819311
13312113811159
13311311839111
13311166111171
13320519112811
13300819114114
13321511118941
13302811151319
13310119843111
13321115519811
13310118941211
13300859111113
13302811511159
13302811111539
13321141119812
13322661116111
13311114928111
13311111918521
13322111121829
13300829151111
13300819111314
13320449111811
13310419814111
13321111318913
13300111716711
13321111128915
13320118115921
13312111951318
13310149811151
13320118213911
13300839411111
13322112114819
13311111819331
13321411139811
13302814211119
13301811139211
13301811539111
13320119121851
13322121151918
13321311119831
13320149511811
13310319811151
