13211343131
13211324311
13211233131
13211142313
13200113254
13201431331
13200313125
13200311233
13211444113
13200113322
13211423311
13210133135
13211351331
13211113333
13200133123
13211351133
13200133321
13201451331
13201412313
13211333131
13201144431
13200311433
13200113224
13211453311
13211113333
13211323113
13210331154
13211424311
13210531153
13211124313
13211241331
13200133142
13211421133
13211424311
13211331313
13200331314
13210313514
13201341331
13200331541
13200331313
13200131535
13200131343
13211314313
13200113355
13201414313
13200131423
13200313314
13211355131
13200331241
13211512331
13300891111413
13300111314213
13300313111441
13300333111141
13322511151313
13311131981411
13322411553111
13322315152111
13300311154511
13300111212551
13311125113121
13311555111113
13311531311115
13311211131521
13300113314114
13322142221111
13300111521541
13322431111313
13311341111251
13300111424311
13300113124511
13310183911211
13300198111341
13322525121111
13300198511121
13311111113555
13300131121125
13322112224111
13302184113119
13300331151141
13311415131211
13310118192211
13311251111213
13300311145411
13300198311511
13322411245111
13322231421111
13322554121111
13311422311111
13311511111435
13321111239181
13322313135111
13300133151311
13300111411523
13322351151113
13322531221111
13322431135111
13311214111541
13311131111442
13322232511111
13311512111421
13320519511181
13321411158191
13311353111311
13322311433111
13322111441189
13312131811491
13311312111215
13300113115134
13322133125111
13300331111221
13300131513151
13322411312131
13311411131124
13311115311451
13322552131111
13322122551111
13311315111221
13300131412115
13322133551111
13311131981511
13322221251111
13300111415331
13321123118191
13310181951115
13300113341114
13302392111118
13300311353111
13322141115133
13322151141189
13322112145311
13311344111141
13310181911513
13322411113891
13300113135121
13322311232111
13311315131151
13300111352311
13310481911511
13311512311131
13310193811311
13300893141111
13322141112891
13302185111319
13311122111351
13322215153111
13312511914181
13310118391131
13300313115121
13311114131431
