13201381291
13200819152
13201841319
13211154891
13211312198
13210318951
13201812149
13200189441
13211893131
13211215819
13210181932
13211141983
13200113389
13200313918
13210159821
13211551891
13201139381
13200148139
13210339118
13201813193
13210583119
13200189441
13200189154
13200189413
13211125981
13200819213
13201119528
13210349811
13211849113
13210128912
13200819212
13210318912
13210113895
13210191825
13210181924
13201181239
13201815591
13211321189
13210518195
13200113849
13211513981
13201339118
13211589311
13211131948
13211849131
13200131598
13210831931
13200198512
13211213189
13210181933
13322189411113
13322851129111
13301181391112
13311891133111
13321121431151
13301816419111
13322111389311
13320811511915
13322185159111
13301421311411
13311892111311
13322113948111
13310468911111
13300111492811
13301114213151
13322191851131
13320831111921
13321141811931
13300111594181
13321451181191
13321511119318
13311198131113
13321111168915
13300113119183
13310481191121
13321121159118
13311151111589
13300111913184
13322819211131
13300111148149
13322189515111
13311811311914
13311583111911
13321134113115
13322124981111
13320178111913
13302851151911
13301141131125
13322711111849
13311133111198
13300111921381
13322441819111
13311116859111
13321117158911
13322823911111
13302181141391
13321115181193
13300111183194
13301815911511
13320183211191
13311113111839
13300131181159
13311181313911
13322891213111
13300113198211
13311158131191
13311149111218
13311531111198
13321113183191
13311391111581
13312131192181
13320291141181
13300131821191
13320118111956
13302811611319
13321114291181
13311515111891
13301134513111
13300879115111
13322811439111
13322111136918
13311831113911
13310519118114
13311831111129
13301114213131
13311198131112
13302811117149
13310231151511
13310311511331
13310113115125
13321441131151
13322318941111
13310148916111
13310119847111
13320191514181
13312111971418
13322128219111
13322131849111
13312131911831
13300131129118
13321411413115
13300111891123
13300131119518
13311135111198
13322113829111
13311111918157
13300111849211
13300113811931
13321113618911
13311892111311
