13211624311
13200311437
13211446311
13211216133
13210611533
13200313561
13200113625
13200133136
13211753311
13210217315
13211465131
13211741331
13200313175
13210361551
13210231157
13201316133
13201741531
13200731551
13210631152
13200133612
13210733511
13200311564
13200137415
13210711522
13201714331
13211473131
13200161354
13201116553
13211172331
13210271152
13200117245
13210613135
13211417331
13200313571
13200336115
13210613315
13200361152
13200331271
13210631513
13200131463
13211436113
13201172531
13211363131
13200371152
13211216133
13211755113
13211644131
13200131527
13200133416
13211365113
13301811691211
13322111172331
13322531165111
13300113472111
13322711315311
13311117111455
13300891316111
13302114131313
13311651111521
13312111916381
13321111749181
13301192811141
13320313115511
13322312612111
13322635411111
13322314631111
13300311615114
13311735111411
13322751115311
13322111614313
13322111336131
13322111516331
13300111416321
13322131653111
13301139181211
13301187219111
13322162411311
13311141311261
13322516213111
13300113516121
13300131111246
13311122111371
13322517513111
13311411113715
13322164144111
13322461415111
13311611819711
13322515156111
13322645111131
13322131556111
13322111137133
13311571111341
13322112652111
13322147215111
13321211811193
13322411165113
13322621311311
13300111174123
13321411911182
13322123317111
13321115811193
13322114472111
13302191311178
13322321161113
13300111316152
13311116111433
13300111741315
13300111513471
13322113163131
13300311611514
13311651111231
13320143131115
13300131122611
13322115611331
13322141611891
13300133612111
13322171144311
13311311113517
13320178114191
13311211111465
13322114417131
13300131172311
13311142111146
13311313111217
13311446111114
13312111193831
13322153173111
13311531131116
13311515111173
13311111978161
13311745111141
13311712111513
13301184179111
13311734111115
13311615981111
13322712131311
13312131319181
13322143271111
13311631131411
13322511571113
13311521111217
13311742311111
13311411131751
13322146351111
13300311112571
13310719861111
13311361111315
13311512111614
13311743111131
13322711161918
