13302118111691
13302119116181
13321711181119
13302118711191
13301118191171
13321111691118
13320181171119
13310811191161
13302118111791
13302186111911
13301197811111
13302181161911
13312171119181
13321711911181
13321111811196
13310191118711
13302191161811
13310811191611
13321711191118
13320811117191
13321111791118
13301181911711
13301181911161
13321111681119
13312111119681
13312171181911
13312611191811
13321111791118
13312111196811
13312161119181
13301119181117
13301197811111
13301186911111
13301118791111
13302118111691
13312611118191
13302181611911
13310181119116
13310191118116
13302118161191
13320191116118
13301196811111
13321111911186
13321171811191
13301191811117
13321111911187
13321711911181
13312111196811
13312111119781
13310181119116
13321111911186
13312117191811
13302118111791
13320181611119
13301181911116
13301191811611
13312711119181
13302181171911
13301119181711
13301119181611
13321711811191
13310191118711
13320181116119
13301191811116
13301181911117
13312711181911
13301119181116
13312111119681
13321161911181
13320791111118
13302181611911
13320811117191
13301181911161
13301118791111
13321171181119
13301119181711
13321111781119
13312611118191
13310811196111
13310181119117
13321116911181
13302119116181
13320191171118
13320181161119
13320191171118
13312111197811
13302119171181
13320811116191
13321111911186
13312161191811
13310181119611
13310811196111
13302118171191
13302118171191
13302118111691
13310191118117
13321171191118
13320191116118
13302191161811
13302119161181
13310191118117
13302191171811
13320811111196
13310691118111
13312161119181
13302119171181
13320811117191
13312111118791
13312111119781
13321111911187
13302119611181
13301191811117
13321116811191
13312117118191
13321116811191
13312111119781
13302181117911
13301119181611
13312171118191
13312116181911
13320191171118
13312116191811
13320191116118
13310811191116
13320811711191
13320811611191
13302118611191
13302118711191
13320181171119
13302118171191
13312171118191
13302119116181
13302118116191
13302118611191
13302181711911
13320191161118
13301118191711
13321711811191
13312161191811
13312161118191
13312111118791
13302119111781
13321117911181
13310811191711
13321171181119
13321116191118
13321171911181
13301181911117
13321171911181
13301118191116
