13200871951
13211161928
13200113773
13200198516
13200133761
13211611983
13210611573
13201196518
13200311747
13211211978
13201871159
13210619814
13201813179
13211675131
13201791518
13201185791
13211162198
13201391168
13211791581
13201816129
13200173157
13211615918
13210771153
13210129817
13201719581
13210378119
13211276113
13201396118
13210639118
13200131879
13200113476
13211461819
13201366131
13210748191
13200331761
13201117463
13210178194
13201181793
13201167431
13210183916
13200131664
13201191748
13201757311
13210713561
13210179183
13200711537
13200879114
13201831169
13210319861
13211781519
13310119841341
13311198111621
13312211912518
13321611591181
13322415112918
13311171131651
13301861911141
13300311167211
13322361614111
13312531811419
13322571116113
13310138921411
13322531111938
13322131131938
13322117631311
13301813259111
13302821143119
13322139816111
13302119141618
13300111647211
13312211941138
13312143811419
13321132119813
13311181111639
13322475711111
13322411986111
13312152921118
13300131115166
13312131811439
13311117113615
13312141812219
13302814121149
13310119841143
13321141318931
13312215921118
13301118119615
13322331771111
13300111164172
13300829125111
13321121711521
13300113217117
13320119214841
13311121819214
13301812119251
13322186193111
13320118214931
13310139815211
13300111216317
13322146361111
13310138921112
13311117111227
13300331171611
13300131916118
13322751711131
13301141731114
13310669181111
13300819142112
13321111519843
13322762131111
13300111276311
13311216111271
13311763111121
13311751111571
13312511842119
13300189117116
13322166141131
13322414114918
13322614161131
13310711541211
13312513941118
13321515161151
13311616111125
13322634171111
13322611849111
13311117111624
13322415311918
13311533918111
13310631511112
13311737111151
13322811469111
13300113616141
13311611311641
13321211711512
13322641516111
13300111417156
13312711851911
13300819531511
13301117133151
13321412118941
13312311811259
13320118154951
13320119415831
13302419111813
13321116119187
13322467113111
13300849141115
13300113137161
13322611156131
13310129841311
13321141117315
