13310531151111
13310113115121
13321111311515
13321111431151
13310311551111
13301114113511
13312114114113
13321112311511
13301411311311
13310131155111
13312111114413
13310131151311
13312311411311
13310131351111
13301411311311
13301411331111
13301411311114
13301114313111
13310131151511
13312111413311
13312211141131
13310113115113
13321411131151
13312111314113
13312114411311
13321511131151
13301114513111
13310133115111
13321114113115
13301134113111
13321111311514
13312111143131
13321111213115
13301114413111
13310311511141
13301144131111
13301144131111
13321111311512
13321111531151
13312131141131
13301114113511
13310131155111
13312211141131
13312111412311
13310133151111
13301114513111
13321311113115
13301114113131
13321111331511
13321113311511
13312112411311
13310311511113
13321111311515
13310113135111
13312111314113
13321151131151
13312121114113
13301114113411
13312411411311
13312111114313
13312111141531
13321111311512
13312111141431
13301441311111
13312111415311
13312511411311
13312311141131
13310131151113
13321141113115
13310131151151
13301114113511
13301114213111
13321111311551
13310311511113
13321111513115
13321111311541
13301341131111
13301114143111
13312111411313
13310113115411
13310131151141
13310311511112
13312211411311
13321511131151
13301141131211
13301114123111
13321111311541
13321111331511
13321111413115
13321111431151
13310131151411
13301451311111
13310311511141
13312111144131
13301143131111
13310131151113
13301411311131
13312311411311
13301411311311
13310331151111
13312111144131
13321115131151
13310131151112
13321211131151
13312111114513
13312114114113
13301141131121
13312111414311
13301411311141
13301141431111
13312111141133
13301114153111
13301141331111
13321111143115
13301141131112
13301141331111
13310113115141
13312111114153
13321141311511
13321131131151
13312111145131
13312211141131
13321111153115
13321111311531
13301114113113
13310331511111
13312111421311
13301134113111
13312114114113
13310113115511
13310131151511
13312511141131
13310311511151
13321112131151
13321311131151
13301415311111
13321411113115
13310113115141
13321113311511
13321112113115
13301114113311
13301114143111
13321211131151
13312111141431
13310331151111
13321112113115
13310311512111
13301415311111
13312113114113
13312111141331
