122011756
122101335
122009861
122003715
122104316
122105716
122102316
122113869
122017361
122116531
122107162
122017531
122117456
122107819
122106918
122017761
122115611
122117456
122104315
122009815
122114613
122102981
122011849
122017761
122017731
122014761
122001347
122106918
122114411
122113958
122017661
122017331
122001389
122001389
122001353
122001366
122114331
122011456
122014631
122107163
122116533
122106715
122108197
122019178
122017231
122103351
122001326
122106715
122108139
122115298
13302811711191
13320791111811
13312111861191
13300189111161
13312117161131
13311171198111
13321111717115
13311711981111
13322111611189
13311117891111
13301167131111
13302816111191
13311111981161
13311111891711
13312116171131
13320181111971
13300189111611
13311711189111
13312711711311
13320191117811
13321111661151
13321161181911
13320691111811
13310161151611
13300198116111
13311111981171
13312111971181
13310117115711
13301167131111
13312111117613
13310178191111
13302811711191
13310171151161
13312111186119
13302861111191
13320118171191
13312111181719
13310119181611
13300189111117
13310716115111
13310191861111
13302811161191
13310191811711
13301117113161
13321711119181
13301117163111
13310711511116
13312711191118
13321111179181
13320791111811
13322111611189
13312171191118
13312111181179
13312171611311
13321111168191
13312161116113
13312111191718
13322111611198
13322611111981
13312111191178
13302191111718
13321611118191
13320191111861
13301191168111
13301817191111
13320718111191
13300189111161
13320181117911
13310177115111
13321116161151
13312111911781
13320179111181
13322111161891
13321111176115
13321111691811
13310169181111
13310191816111
13321111119186
13302811611191
13301811191117
13311116189111
13310119181711
13320179111181
13321711191811
13302186111119
13321111611516
13300189111116
13312111116163
13312171611311
13312111917181
13311161981111
13310711511116
13321111681911
13302871111191
13301871191111
13322111611198
13320681111911
13311111981161
13310611571111
13310761151111
