122018529
122107735
122106335
122104766
122003745
122103985
122018629
122107892
122114631
122103984
122118911
122106335
122103894
122106896
122013446
122018769
122107352
122118911
122115413
122017896
122116311
122019548
122009785
122107353
122116211
122018639
122114466
122019383
122007765
122106987
122109386
122017563
122013753
122116698
122007869
122104839
122009823
122018496
122107365
122107362
122013463
122104735
122116313
122105986
122102894
122104735
122103366
122109385
122018679
122106894
13210811197
13201191618
13210791181
13201186911
13200198711
13210618119
13200819117
13210118916
13210618119
13210791181
13210191871
13211171819
13210811197
13201811619
13210119187
13211689111
13210118196
13211689111
13201119168
13210179181
13210181916
13211161819
13210169118
13211161189
13210618191
13201186911
13210179118
13211611189
13210811971
13211117198
13200819171
13201817911
13211711891
13211711981
13210169118
13201181791
13211111879
13210718191
13211711819
13200111968
13211611819
13201118169
13210168119
13210719181
13201181691
13210781191
13201181179
13201181179
13201811169
13200819117
13311111116165
13311611111891
13311116111819
13300711561111
13300111718191
13302181171191
13300111179811
13300171751111
13321111911817
13302181117191
13310119118611
13312111119178
13302181171191
13300111111978
13322191817111
13322689111111
13302118116119
13322819171111
13311811111916
13311871111191
13320118116119
13320181116191
13310781191111
13302119111718
13321711181191
13311161171151
13322189711111
13311811111719
13300111618191
13302171111631
13300117165111
13300111118179
13311861111191
13322819116111
13311611171151
13322711891111
13322181971111
13311198111117
13321116181191
13322718911111
13322681911111
13300117115117
13311198111611
13322618191111
13300111168191
13322119816111
13312161811911
13311711111819
13310811911116
13310118119611
