13200111657
13211716113
13211736111
13201761311
13200311761
13211675111
13200111377
13200117165
13201716311
13211717131
13211757111
13201161631
13211671311
13200711517
13211771311
13211663111
13211636111
13200711516
13200111663
13200111663
13211176131
13200111665
13200111376
13211617131
13200111773
13200131671
13211747111
13211762111
13211717113
13211627111
13211626111
13211567111
13210611517
13210167115
13200311671
13211266111
13211665111
13201761311
13200111656
13200131661
13200111376
13211617131
13211662111
13210177115
13211727111
13211665111
13211717311
13211727111
13200113616
13200161156
13322166141111
13300111117714
13311111111664
13302119112811
13311715111711
13311171111174
13322611461111
13322161127111
13311715111711
13300111211616
13322111763111
13311117111164
13322761115111
13322114177111
13322561161111
13300111611174
13300111671211
13322117517111
13311631111611
13322111166113
13322111376111
13321111931118
13311711131161
13311177111115
13311171111147
13311266111111
13301811719111
13300111161164
13311711111317
13300111716112
13311116111751
13311216111161
13322311166111
13311317111117
13322113717111
13300111111657
13300111114167
13300111111663
13311147111711
13300111316161
13322641171111
13311171111172
13300131117116
13322177114111
13322761115111
13300113116171
13300111772111
13322416171111
13300111651116
13322711116113
13311211111177
13322117615111
13311771111511
13312111911168
13322115717111
13311111311716
13300111261161
13300111612117
13322114661111
13300111371711
13322117137111
13311163111711
13300113711611
13300113161116
13311761111141
13300111711631
13311141111716
13300111115717
13300111316116
13322661121111
13300111177115
13311761111311
13300111157611
13322112761111
13322137171111
13311641111161
13322161316111
13311116111147
13311171111156
13311617111114
13322614116111
13322117711311
13322116651111
13322131717111
13322771112111
13300111411661
13300111771511
13322163611111
13311762111111
13312511119811
13300111517711
13322111761113
13311617111121
13311751111161
13322116461111
13311751111117
13322113166111
13300111117614
13300111511617
13311657111111
