13301195811111
13310191118121
13321131811191
13310181119112
13321211181119
13320181121119
13301191811131
13312311191811
13301181911114
13301119181112
13310191118131
13312111185911
13301118191311
13301191811131
13302119121181
13302119311181
13302119311181
13321115191118
13321111181319
13312141181911
13321111281119
13321111193118
13321111391118
13310581119111
13312211119181
13302118121191
13312114191811
13312141118191
13312151119181
13302181113911
13301191831111
13301193811111
13301181911113
13321311911181
13321112811191
13302119131181
13320191111318
13301181911311
13301118391111
13312111182911
13312115118191
13301181911411
13301118191121
13320811111195
13301191811113
13320191211118
13312114191811
13321121191118
13301181911511
13301119181311
13301119581111
13310811191311
13302183111911
13301191811115
13321111591118
13320811115191
13320811111195
13302191112811
13301381911111
13301191811112
13312111195811
13301191811114
13320811311191
13321111913181
13312111191813
13302191113811
13321111281119
13321111181319
13321111931181
13320811151191
13321111291118
13320183111119
13310181119311
13301181911114
13302119151181
13301192811111
13302181511911
13302191113811
13301118191131
13310181119151
13321111931181
13301191811115
13302181131911
13302181131911
13312114119181
13321111831191
13320181115119
13320811113191
13302119114181
13301191811131
13320811111194
13320181311119
13301139181111
13321111191318
13302191211811
13320181113119
13310191118311
13301118191115
13302191114811
13301118191411
13321111191138
13302138111191
13320811121191
13321114181119
13302119121181
13312111319181
13310191118121
13321131811191
13301181911141
13312111184911
13321111911185
13302381111911
13310181119121
13302181113911
13301119181113
13321211191118
13302191211811
13312121118191
13321131911181
13310811191141
13321511811191
13312411191811
13310181119113
13320181112119
13320191311118
13312111318191
13321111911381
13312141119181
13312511181911
13312121191811
13302181111913
13312111195811
13321311181119
13310811191131
13320191141118
13321511911181
13321115811191
13302191115811
13312411119181
13302118111491
13320181131119
13321111181319
13321111911381
13321311811191
13310181119511
13301191811131
13301119181121
13302119111281
13320811111192
13301118591111
