13211274111
13200111563
13200171155
13201116213
13201114613
13211516113
13200111564
13211371131
13211217113
13200111654
13200111363
13211327111
13211264111
13200311712
13200111654
13211612113
13200113316
13211714131
13200117315
13200311127
13200111643
13211571113
13211462111
13200111623
13211655111
13200117215
13200131651
13211136131
13211714113
13211157113
13200116135
13211644111
13200113417
13200111722
13200113162
13211712113
13201715311
13200111336
13211751131
13211362111
13200113165
13211711331
13200711541
13200131631
13211625111
13211157131
13210171155
13211712311
13211461311
13200117125
13321111419811
13300111511715
13311171111153
13311513111117
13322427111111
13300111213117
13300111151712
13322611331111
13300111721151
13322451117111
13311711131115
13300111611124
13322612411111
13300111211162
13311611111314
13300311121711
13300111311172
13300311711511
13322161311311
13311751131111
13311141111147
13322131175111
13311111111257
13300111111427
13322111111829
13311113111172
13322417151111
13311143111117
13300111517211
13322111721311
13311111311172
13322611114113
13322721112111
13300111743111
13322111517311
13300111117321
13300111715112
13311116131131
13322171154111
13322147115111
13311521111117
13311541111611
13300111311612
13322311271111
13322417111311
13300113211171
13311112131611
13322517141111
13311175111112
13300111615114
13311111113641
13311117111321
13300111211631
13310119815111
13311221111117
13312114911118
13322311261111
13322316121111
13321511118911
13300111165112
13322117121311
13311416111141
13322611125111
13322741111311
13311741131111
13311371111511
13311171313111
13322111613113
13311116111415
13300111511172
13322173115111
13322311517111
13322261115111
13300111211417
13300111161514
13322317113111
13322211146111
13311151131161
13300311111615
13300111117134
13300111311615
13311511131161
13311124111117
13311156111311
13321111118912
13322111474111
13311111849111
13300111121127
13300111111456
13311116111313
13300111461411
13322151137111
13311711111513
13311115111416
13300311111571
13300111141621
13300111311147
13310118911113
13322115163111
13300111131741