13302411115311
13320311111521
13320311121511
13302114111123
13320131111153
13320131111351
13320311111515
13320331111511
13320113511115
13302114114113
13320113111135
13320311111513
13320123111115
13320311114511
13320113131115
13320311113511
13320123111115
13302141114131
13302441111311
13320311111541
13320311111512
13302143111131
13302411141311
13320123111115
13302141111531
13302114111123
13320131112151
13320131511151
13302141114131
13320531111151
13302411112311
13302114211113
13302141111133
13302114111313
13320153111115
13320131311151
13302411114311
13302411121311
13302141141131
13320311121511
13320311111541
13302141111133
13320311112511
13320311111531
13320313111115
13320113411115
13302141113131
13302141111331
13302411113311
13320311111541
13320113115115
13320113151115
13302141113131
13302431111311
13302141114131
13320311131511
13302141114131
13320131112151
13302141112131
13320113141115
13302114114113
13302141211131
13320113131115
13302142111131
13302411411311
13320313111511
13302142111131
13320311111531
13320131211151
13302412111311
13320311114511
13302141211131
13320313111115
13302415111311
13320131111153
13302411111331
13302141112131
13302411115311
13302141111531
13302145111131
13302314111113
13302114121113
13302144111131
13320113121115
13320311511511
13320231111151
13320513111115
13320131112151
13302141141131
13320113511115
13302421111311
13302141311131
13320131114151
13320311511511
13302141211131
13302114111413
13320311111515
13320131151151
13320113115115
13302114141113
13302411114311
13302141115131
13302411113311
13302114111123
13302141511131
13302441111311
13302421111311
13320133111115
13320231111151
13320131113151
13320131111351
13320131111154
13302145111131
13320431111151
13320513111115
13320131151151
13320311111541
13302411411311
13302144111131
13302141115131
13320311111541
13302114411113
13302411113311
13320311151511
13320311111551
13320431111151
13302341111131
13320531111151
13302114311113
13320133111115
13302114151113
13320531111151
13320131111152
13320311111514
13320131311151
13302411131311
13320133111151
13320311111541
13320113411115
13302142111131
13302431111311
13320331111151
13320113151115
13302411115311
13320213111115
13302411114311
13302141111431
13320131111152
13320131111351
13302141411131
