13200131198
13210181915
13201119581
13200111893
13211113819
13210128119
13200891141
13211121819
13201118159
13211598111
13200819115
13210281911
13201191381
13200819141
13210319118
13200111389
13200891151
13210139181
13210119812
13211411918
13210491811
13211141189
13210181913
13211111893
13210129811
13211411198
13201181159
13211211819
13200389111
13210381191
13201119418
13210811139
13201192118
13210318119
13210159811
13211398111
13201119318
13201118193
13200111398
13211411819
13211111893
13201118419
13201184119
13210319811
13210381911
13210191812
13211121891
13210181941
13211111849
13211589111
13300111811319
13321115118119
13300131181119
13310118119511
13311114111819
13311111117135
13311181111915
13322891121111
13300111119581
13300171151311
13320711111512
13321111318119
13322191821111
13322128119111
13310381191111
13322151819111
13320811115911
13311149111181
13300111819121
13322489111111
13311119113811
13310181191411
13300111181912
13320711141511
13311181111951
13310518119111
13322589111111
13300111891121
13322111918311
13300111112981
13320319111118
13312111911831
13301811911112
13302118114119
13311119111148
13300361151111
13300117115511
13322819151111
13300111912181
13311113171151
13300111218191
13321111281191
13300116515111
13311111173151
13301181191114
13322191381111
13312311119118
13300111219811
13322193181111
13311111711512
13302831111911
13311814111191
13300111921181
13300117155111
13310191181511
13311118111194
13300111131891
13311198111115
13300111118491
13311811111591
13312111181391
13300171151211
13311119131811
13322811911311
13322819211111
13300111118419
13301811911211
13302117114113
13312111191381
13302812111911
13311111113198
13302191511181
13302161411131
13322118915111
13311111171153
13310181191114
13322115819111
13302116141113
13322811191311
13300161151114
13322118911113
13310119318111
13322811191311
13311891311111
13322289111111
13311418111119
13322518911111
13300111398111
13302319111118
13311118131191
13311141116115
13312311191181
13320117131115
13311491111118
13300111191581
13322519811111
13302181311191
13310191181113
13311111111598
13300131189111
