13321111171153
13312113116113
13311141198111
13311111198141
13311111981141
13312114181119
13321111191812
13311111981211
13312115711311
13312311911181
13312111841191
13310119181311
13320118141191
13312151711311
13310711513111
13310613115111
13311112891111
13321113119181
13312111711331
13321611311511
13312111114613
13322111511189
13321141119181
13321115611511
13321111118192
13321151171151
13312111116313
13312111137113
13321131116115
13321117113115
13301171131141
13322113111198
13312311117113
13310611511151
13320191111812
13312151117113
13302811511191
13322111411189
13301141131611
13302811131191
13321111131157
13321511171151
13321115611511
13301191118114
13311111891511
13310191811113
13321111119183
13320191111813
13320181111951
13310391811111
13310118191511
13321111163151
13300189111141
13302811511191
13310711511151
13322115111189
13312131171131
13312112117113
13321113117115
13321112116115
13312111161133
13311111198511
13322411111189
13310117115311
13312113811191
13322111114198
13312121711311
13321111181951
13312311611311
13312111146131
13321121171151
13310117115511
13311111891411
13312111812191
13312141171131
13301161131131
13310318191111
13321111613115
13302181121119
13311113891111
13312111841191
13312111317113
13320181131911
13302181111129
13320118151191
13302811151191
13312111191158
13312511181119
13312121181119
13300891411111
13321111136115
13321111163151
13310117115211
13310116115511
13322151111198
13302181114119
13322111114189
13302181211119
13321311711511
13302181111149
13321141611511
13301171133111
13320181211911
13302191111158
13312111711331
13322111115189
13301713311111
13302811111491
13301711311113
13312111182119
13312112611311
13310611511131
13312116114113
13312111163131
13302821111191
13301171531111
13321111611541
13312114116113
13322111111893
13322111411981
13321511116115
13310118191113
13312211161131
13312111181129
13300198111113
13321111711521
13310158191111
13301171131211
13310138191111
13300198112111
13310271151111
13301117113211
13321111611551
13311131198111
13302811211191
13311151189111
13320183111911
13321111183911
13310316115111
13310611511511
13311111891211
13312111116413
13302181131119
13322111311189
13301161131131
13311131981111
13310118191151
13321111118194
13322111115189
13310571151111
