122116198
122001174
122117598
122113756
122017131
122101716
122001123
122114361
122001125
122001157
122001145
122113756
122107151
122101316
122001312
122101891
122114231
122001123
122018191
122001315
122001166
122014161
122103161
122113798
122001361
122001134
122114231
122113756
122001166
122117598
122001314
122103161
122001176
122114511
122001156
122101715
13200113551
13200113312
13200113321
13200311331
13200311125
13211151133
13200131124
13211213113
13201114153
13200133131
13211321311
13201134113
13211431113
13200311122
13200111345
13201114213
13211315311
13200111243
13211315131
13200111334
13200111344
13200311134
13211431131
13211241113
13200113152
13200311145
13200113251
13211152131
13211152311
13211523111
13210231151
13211521311
13200131313
13211542111
13200333111
13201114143
12311615311
12312117163
12301713311
12302811193
12302811193
12301713311
12311315311
12312118193
12311215311
12320187967
12311175311
12311175311
12311135311
12311615311
12321111335
12310839111
12300731151
12311125311
12302711163
12300731151
12311135311
12301413311
12320171135
12322114163
12320171135
12302711133
12320171135
12321111735
12302711163
12311215311
12321111938
12320187967
12322114163
12311175311
12302711133
12301819311
12322411163
13322111145311
13311141111124
13300311121211
13322115111313
13322125121111
13322111141133
13322111451131
13300111113513
13300131211151
13300111421211
13322112411131
13311125111131
13322131151311
13300113111515
13300111143141
13300111132131
13311111111425
13322111143311
13300111345111
13300111513141
13322115114131
13300111122114
13322111152311
13300311514111
13300131114151
13322351411111
13322111524111
13300111212112
13322114115113
13311411113112
13322121115113
13322411115131
13322531211111
13322441111311
13311514111211
13300111311451
13322141121131
13311113111414
13300111213311
13322211114113
12311155311
