355013751711471517521111166115
355043141312379341511212168111
355038314415471411119111666266
355041311477771511291148416466
355043711556291113571146486113
355003171164117917187211422442
355013791615173157728116144611
355043397111426341134411481616
355038166169452711147221624411
355031375211371161197646626841
355043737115211176221641626613
355043735113114172975224866161
355021714276192731613414222186
355023421131194778114421242427
355041138314526443729164114461
355011794611363552551816111624
355023339613414618611444114626
355043714185379156147261462161
355023117153179726236161682441
355023435496173116713266181427
355023475114624242362616416121
355043416313943421111286422666
355048473137347936251616414611
355021344166774931164862122162
355001431791145236121644864642
355033119142115544777866662641
355033143521372254246111826619
355023177138114779117646464246
355023313446122169117681244161
355033143171437746671666118669
355031767796268541145611624641
355041141651677266296686226161
355003184373115916635216226214
355043764171489521633614462611
355021376564254313317216161665
355043117861362713761116624629
355023397133414133366161281644
355003118341632695443216124663
355003393726616466411114644286
355023714586417221439266624112
355023724614316933633616441812
355033445367795626161146186221
355011495167553613415226621682
355043743411495151268464466163
355003759311638711635246166445
355013451337311915225824662165
355023173945621326432448114645
355041744656119441216824442666
355038661616464916716626662245
355001727183712967612662624467
355001934373675716158164224216
355013738779473641154166424224
355001477337159563533222166684
355023397553156624332411468664
355023374931117721664446442824
355003711785669573477626266445
355023716937338647335664626212
355043754731412967425686464466
355023746467291836766666462123
355043393774375747447666241863
