-0.5234
-0.5234
-0.5234
-0.5234
-0.5234
-0.5234
-0.5029
-0.5029
-0.5029
-0.5029
-0.5029
-0.5029
-0.5029
-0.5029
-0.5029
-0.5029
-0.5029
-0.4969
-0.4909
-0.4909
-0.4823
-0.4823
-0.4823
-0.4823
-0.4823
-0.4823
-0.4823
-0.4823
-0.4823
-0.4823
-0.4823
-0.4823
-0.4823
-0.4823
-0.4823
-0.4823
-0.4823
-0.4823
-0.4823
-0.4763
-0.4763
-0.4763
-0.4703
-0.4703
-0.4703
-0.4617
-0.4617
-0.4617
-0.4617
-0.4617
-0.4617
-0.4617
-0.4617
-0.4617
-0.4617
-0.4617
-0.4617
-0.4617
-0.4617
-0.4617
-0.4617
-0.4617
-0.4617
-0.4617
-0.4617
-0.4617
-0.4617
-0.4617
-0.4557
-0.4557
-0.4557
-0.4557
-0.4557
-0.4557
-0.4557
-0.4497
-0.4497
-0.4411
-0.4411
-0.4411
-0.4411
-0.4411
-0.4411
-0.4411
-0.4411
-0.4411
-0.4411
-0.4411
-0.4411
-0.4411
-0.4411
-0.4411
-0.4411
-0.4411
-0.4411
-0.4411
-0.4411
-0.4411
-0.4411
-0.4411
-0.4377
-0.4351
-0.4351
-0.4351
-0.4351
-0.4291
-0.4291
-0.4206
-0.4206
-0.4206
-0.4146
-0.4146
-0.4146
-0.4146
-0.4146
-0.4146
-0.4146
-0.4086
-0.4
-0.4
-0.3426
-0.3386
-0.3386
-0.3386
-0.3329
-0.3306
-0.3249
-0.3249
-0.3249
-0.3249
-0.3249
-0.3249
-0.3209
-0.3209
-0.3209
-0.3209
-0.3209
-0.3191
-0.3191
-0.3191
-0.3191
-0.3191
-0.3191
-0.3191
-0.3169
-0.3169
-0.3151
-0.3151
-0.3151
-0.3151
-0.3111
-0.3111
-0.3111
-0.3111
-0.3111
-0.3111
-0.3111
-0.3111
-0.3111
-0.3111
-0.3111
-0.3111
-0.3111
-0.3111
-0.3111
-0.3111
-0.3111
-0.3071
-0.3071
-0.3071
-0.3054
-0.3054
-0.3054
-0.3054
-0.3054
-0.3054
-0.3054
-0.3054
-0.3054
-0.3054
-0.3054
-0.3054
-0.3054
-0.3054
-0.3031
-0.3031
-0.3014
-0.3014
-0.3014
-0.3014
-0.3014
-0.3014
-0.3014
-0.3014
-0.3014
-0.3014
-0.3014
-0.2991
-0.2974
-0.2974
-0.2974
-0.2974
-0.2974
-0.2974
-0.2974
-0.2974
-0.2974
-0.2974
-0.2974
-0.2974
-0.2974
-0.2974
-0.2974
-0.2974
-0.2974
-0.2974
-0.2974
-0.2974
-0.2974
-0.2951
-0.2934
-0.2934
-0.2934
-0.2934
-0.2934
-0.2934
-0.2934
-0.2934
-0.2934
-0.2934
-0.2917
-0.2917
-0.2917
-0.2917
-0.2917
-0.2917
-0.2917
-0.2911
-0.2894
-0.2894
-0.2894
-0.2894
-0.2894
-0.2894
-0.2877
-0.2877
-0.2877
-0.2877
-0.2877
-0.2877
-0.2877
-0.2877
-0.2854
-0.2837
-0.2837
-0.2837
-0.2837
-0.2837
-0.2837
-0.2837
-0.2837
-0.2837
-0.2837
-0.2837
-0.2814
-0.2814
-0.2797
-0.2797
-0.2797
-0.2797
-0.2797
-0.278
-0.278
-0.278
-0.278
-0.278
-0.2774
-0.2774
-0.2774
-0.2757
-0.2757
-0.2757
-0.274
-0.274
-0.2717
-0.2717
-0.2717
-0.27
-0.27
-0.27
-0.27
-0.27
-0.27
-0.2677
-0.2677
-0.266
-0.266
-0.262
-0.262
-0.2597
