122014131
122101315
122103151
122103151
122103151
122011413
122103151
122101315
122103151
122011443
122014133
122104315
122014431
122104315
122105315
122104315
122103153
122014133
122013413
122101335
122011453
122103351
122103351
122103351
122103315
122014231
122014431
122014331
122103351
122104315
122103153
122013413
122011443
122013413
122011453
122102315
122014531
122011423
122013413
122103153
122103154
122103154
122014431
122014431
122103351
122014431
122014331
122011443
122013413
122103155
122011453
122104315
122013413
122014133
122105335
122013443
122104335
122014333
122104335
122105335
122013423
122102335
122105335
122103353
122103354
122013453
122013423
122013423
122014433
122104335
122014433
122102335
122104335
122004335
122004335
13200311134
13211514311
13211155113
13211125311
13211341113
13211223111
13211135113
13211215311
13200311521
13211532111
13211554111
13211442111
13200311512
13200311132
13211353111
13211351131
13200311144
13211521113
13211321311
13200311132
13211341311
13211531113
12321213151
12312151413
12321113154
12310231511
12301413311
12301413114
12301341311
12321133151
13200311455
13200331421
13200313441
13211215313
13201114313
13200311445
13211231313
13211542311
13211323131
13211315133
13211453131
13211142133
13211321331
13200313551
13200311435
13200313313
13210311521
13211315313
13210131351
13211314313
13200333131
13200333511
13200311335
13200331351
13200311233
13200311243
13201341131
13201451311
13211213331
13211452131
13200311432
13211144331
13211521331
12312151433
12310315215
12310133521
12310335112
12301433112
12320311251
12320311152
12301423151
12301413153
12301141325
12321213154
12301141323
12310533511
12312224131
12312214331
12312154331
12301433112
12321233151
12310431531
12321144315
13200313254
13200313535
13200313453
13200313532
13210531351
13200333331
13200133453
13200331443
13210323115
13200333214
12310315225
12302431331
12310315535
12321153335
12301423124
12312541443
12310431552
12310315532
12310433513
12310233514
12320311452
12321443351
12301433315
12310433551
12321345315
12302431431
12320333115
12310315424
12321523153
12310233515
12320135515
12301144342
12310231555
13210243315
13210331532
13210331533
13210231355
13200333334
13201455331
13210443315
13201314553
12320335251
12320235135
12310335554
12321424335
12302421233
12312443433
12320331535
12320331254
12321334335
12312344233
12321252335
12320332135
12302451333
12312323443
12301443354
12321423353
12321542335
12301344325
12312433423
12320433515
12321245335
12301423353
12310333545
13210223335
12302424333
13200343335
1420134411311
1421031115241
1421013113512
1421015231115
1420141353111
1421031315151
1420131141513
1420141513311
1420144213111
1420134112311
1420131451131
1420134113311
1420114413311
1421031115441
1420141143311
1420114531311
1421053111513
2240344111531
2240341141231
2243033113115
2243031151551
2243031151152
2243031131155
1421043111532
1421024131315
1420141513133
1421031115324
1420131431231
1421033311551
1421033115125
1421055133115
1420131341143
1421031315431
1420143413113
1421022313151
1421031115242
1421013113523
1421033331511
1421013331551
2240342411431
2240342114531
2240334212113
2240341414531
2243013513135
2240334311133
2240334141143
2243031541152
2243043511515
2243023413115
2241234511314
2240341113453
2243033155151
2240334212113
2243023114135
2240342441131
2240141131135
1420145353131
1420134535311
1420133413231
1421043313153
1421025331315
1420133144143
1420134533311
1420113445431
1420133411433
1421054313152
1420131344133
1420111342333
1420131145543
1421015333135
1421035533115
1420133141333
1421023431135
1421043133513
1420131431533
1421033315441
1420114434331
1420134221331
1420134224311
1421033315521
1421031315432
1420131443231
1420113445531
1421021433135
2243033515251
2243033515351
2242134535121
2243053454115
2243053552115
2243242341351
2243053414135
2243023155515
2240314514443
2241253411335
2243033311535
2240143133531
2240334113433
2240314344413
2240345341413
2243033115552
2240334412413
2243031541253
2243031531353
2240334414153
2243043513135
2240343114433
2240341345153
2243053412135
2243033541451
1420043313512
1421133345113
2242342111531
2240043113533
2240243121335
1420131455233
1420133144233
1421023313555
1420134441333
1420142533313
1420142433313
1421024333152
1420113453333
1420131344333
1420134242331
2243043315535
2240345134333
2242113234535
2240345144333
2240345123433
2243334511153
2240334341433
2243033351253
2243043513535
2241234545351
2243254345351
2243053415535
2243013355453
1421031435135
2242334515123
2243234115354
2242142313513
2243251423135
2241134434135
1421043333353
2240043151535
2242132534535
2241342154431
2240334542443
2241224343152
2240234243152
152114212211311
152112152113131
152113241313111
152003311141221
152003111113453
152001131151224
152114451311113
152003131141541
152003111314321
152003131121312
152114512211311
152003131125511
152114443131111
152115412131113
152111434131113
152111221133131
152114314331111
152014414131131
152103111153251
152103311154112
152013314141131
152105113133151
152101115313135
152103243111151
152112241131313
152003113122515
152003311132341
152003111331542
152114333131311
152003311143541
152112152431131
152003331112221
152114512433111
152003133114123
152114112513331
152114331131313
152003133313151
152003311144221
152001133115422
152111355233111
152003331114134
152102123113152
152104131131535
152103113154541
152102353131151
152004113331351
152112351211333
152003113351423
152114334213113
152003313114444
152114512513313
152003131335514
152003333151431
152113412133133
152003313135515
152003131352431
152114533411133
152003131353215
152003311152554
13320113351315
13302411314213
13302142141531
13320311133514
13320531311152
13302341141331
13302343411131
13302433111313
13320443115115
13320431351511
13320333511151
13320123115315
13320133153151
13302341511133
13320131215154
13320531112153
13302141513431
152014154331313
152013344154311
152101431333512
152103231113544
152104431311553
152104531311545
152102331113525
152004213133155
13320313531551
13311314513143
13302414341133
13320431455151
13320531113352
13320533151155
13302452121331
13320133152351
13320231112352
13300431354511
13302433151313
13320311553515
13302341313331
13302143214531
13320531413351
13302423123311
13320313133512
13302314114433
13320311513524
13302421412331
152112124333133
152113521233313
152003313123342
152003313155335
152115355431133
13312341541331
13310531411354
152114133433153
152115242431333
152113442333331
13302345314231
13302452431331
13320423315541
13302314314433
13320313335153
13311124431352
13302444314313
13320313425315
13320323445115
13300453315124
13322151434353
13320531455153
13311254143135
13302422153331
13311312423315
13300343211135
13302314541553
13301441133352
13301415123335
13320443435155
13320343335512
13320433514352
13320353435315
13302334221523
13322242314523
13320553531335
13320543245315
13300343535551
13302334154553
13320233454351
13302345541533
13322321334553
13302344345333
13320423435354
13320443335353
13302334254423
24301143211131315
23432121421311351
23423314111514313
24321311411536411
24301314121131335
24300431115133531
23412221341311521
23412412142311521
23421342131335111
23430311512311135
24312515141413163
24301452115313153
24321313412535411
24301411212433135
24301145331115212
24301441411533135
24321442213113151
23433241314151543
23402345424311151
23411534413351131
23413341534451113
23433332341141531
23431411311522315
24320311152143534
24300453111513354
24321412531111351
24320131335213154
23410413421155315
23432344114131552
23412342315331131
23401344313111521
24301117431533171
24322524171185911
24312242331541311
24310312331453135
24302311441123131
24321334321333511
24312345251212331
24312331455144413
24321534351313515
24321345153135124
24310343153541125
24310231314154335
23433541481319116
23431434213155155
23420331522315211
23413321134142533
23420531152415354
23402141514243335
24322531411543543
24302334434211331
24302331431424331
24302311442423531
24322313413415333
23431411118132695
23421442131315534
23412325114431552
23423314531514233
23430331512524351
23410353345111435
24300443141523115
24321515534435315
24301341551332355
24301442241533135
23413362171425311
23420353241341235
23433151343545533
23413341514445333
23413515443134353
24301142571117251
24301311413717152
24321423131313534
24312423515223311
23423615141713361
23420573115319851
23432343112533533
23432414422313355
24301442531712651
24312163417443531
24321666291111138
24321342253335315
23422215415171869
23433442814915631
23430217815451691
23433321847219161
23422487159611145
23422434434616114
23411213733115537
23431891711721615
23402423134353422
24310333114555234
23433334554151353
24312139486123611
24300451731754135
24311545513771155
24322433451213573
23423514751921186
23432434351533554
23421422313354543
23430531454252335
24310465361351137
24301337125132336
24311841496163611
24310317161546544
24302738355134931
23400371869431551
23413433619355813
23411524137589153
23402171414236743
23401314317815129
23432663111611353
23420797531185135
23430378169121631
23411333147111766
23423543111417661
24310313317175713
24321662331111655
24301317854361911
24312534445423531
23420311525413662
23422418921356351
24321391118736452
24321233821173595
24322146541893631
24302741851114976
24301118491167625
23403372147471331
23423151762985331
23401396313851252
24320713158419172
23412184942711524
23403392412186313
24311396658711152
24321664141133365
24310741716154958
24312446413771353
24302726718413931
24322478341116629
23431475917211865
23430271713352985
23422252443617165
23420713516316523
23413447364211166
23403371896317153
23402751137653235
24322833793141363
24321439461863611
24322264241466161
24310197131845517
24302744653381193
24300459712453385
23421773311186952
23432257462611164
23402431318973735
23423432344614336
24310477716651431
24301775756311517
24320157197578525
24301447566311958
24310614713665127
24321433715261647
24311253481566495
24302778515323619
24312747351556631
24310127339365385
24301717431662217
23411565337271345
23413471646446531
23433514172774653
23431414737525546
23433674349218136
23402143478633935
23422496141663831
23422735795117158
23413717637114613
24302741563446136
24310177313781975
24300334313897752
24302377655454531
23421317331177577
23411349673161816
23432137611966186
24320811347576957
24320783191571655
24301174656618691
24312473244663613
24301721564731366
24322142674396358
24301474966613183
24321316423368596
23403833972627611
23423444187719561
23400737175657321
23403783116575793
23432486415961352
23403411621377753
23430277536289116
23433673623981561
24310743139846712
24321317315176366
23403139571241486
23420257455736315
24311297184716661
24302447163744536
24302778315496361
24322619358443366
23432892317723655
23422718594176521
23421734836641449
23403337661762331
24321712438769752
24312567114747663
24322563239465863
24301374716613737
23413836314962763
23430813239367626
23422251478637695
23421717119538672
23403433638975661
23421337316117477
24301494461768552
24322696665181561
24301317337137577
23400733986714552
23420771314652726
24311577436665421
25310331435411115135
23413426693754816
23403343375267743
23410717785915466
244122215141121331351
244031134521151314153
24321787273373925
24301448966316466
24310698777313336
25300111435534113335
25300441331341233151
23413746664431276
23423437837937616
23401374987636532
23432845771457619
23403747516598636
23532145213861139111
23540313554521314151
23531142431411335231
23504114521412314313
23504334442215411131
24312813739376556
24300897766153651
23403334464839316
23432734781729116
23411441379466268
24312186937147661
25301131144143144452
244031145133415113323
24310356748363696
24301784615636966
24321377249778655
25302371911173415181
25322821441491131136
25320343116854131119
25302344534134113531
25311431451514341235
25302311144324243431
25322431435124135231
25311213341414323551
25300421311315335243
23540533552511215135
23524422424151152331
23542321342131325315
23524334131551124423
23520133214314152325
23520531153451454351
23520331522315231144
23402376421377266
23540113341115515535
24312167449746866
24300717357653667
23532314524313352311
23543514341134131552
23534323442311315531
23514245114422415331
23503414421442131315
23510353421145441315
25311311346118112169
25322415361234361113
25322534511134535333
25300134335541154355
25302313341134255233
25320323331252233151
25300445234311535441
25300143332155533541
23542317134113125645
23533541314542531455
23504443414314242331
23502314454131252553
23520331352143541521
23504334141142334343
23513342542425331114
244223422114153331451
244312213213134135351
244203311512411525241
25302311172845963111
25312379511151158333
25310213133452143354
25301314345311335355
25310345535132133135
244213234131345223511
244301143233511543544
244235122313453414513
244033443511454441313
244033452312141315333
244304313452251143512
244303243255531513115
23523152422135313433
23541424311511352335
23510231415452335515
25311311775211316155
25322211371675111623
25322559748211431153
25300131714811964452
25300342435344142315
25300143313435253534
25320113332452533352
25322233441153433543
25322314331344554333
25320523534314135335
25320433134523233531
25302314232423443313
25302342454231233331
23513246116918161241
23522326182117319151
23502343314523553551
23522243345343421315
23502424421133453355
23531333353535114252
244202423512143513135
244201423224145213135
24311477787636962
25321134371117315362
25310423311525133353
244201811447547123119
244034146117261141433
244325232134421331552
244211314415333453235
244034412331453545213
244324231454242313115
244232523213433514313
23541161331722521335
23541464611113316361
23534234514414354533
23543343534554123551
23532314442431445335
23541431443345515535
25312814321313921633
25300373118795534112
25301331182333159654
25311314163167113652
25321177841119713545
25311218913713735315
25300342332425333351
25311424131533333355
23534741145139633481
23531293311521752583
23540213316841951335
23500713164119825171
23524422343513424333
23540533354534521353
25310212311816739151
244222314552415134444
25311651423186141935
25321741396518133135
25302178945164415313
25310217711117252752
25310343315435543525
25312433414353433543
244033711543663191181
244304633813569111135
244321369112484311653
244014716137131517321
244126612371413161421
244335141281417379116
244031831441319446136
244307111592815615243
244102253134534352512
244033334513152342253
244105313412533353452
244304233335311253553
244215134315355354522
244231531245243343523
244033334321433513353
244215234315352314323
23523561415181961575
25302174839516153631
25310815717671135391
25302371718594111663
25301341629111166837
25322387377319131513
25320533335522333152
25300343334235133353
25322545455343435353
244033114532144224331
23504178611214694156
23531797161778151411
23502456126143425316
23540731511176948316
23522648114366313915
23531511817561339147
23533225314337146525
23504349618711371261
23532875443117911265
23521253691414368311
23501481147415136924
244301531347219161138
244223422114453332523
25301171453531162722
25321264782911111651
25312563873115616911
25312417746361155231
25302814129311647631
25310543333452243135
244303671935163133181
244302213333533353533
244303253525135353353
244234551233435245543
244014235443313553515
23523511741619613822
23530133413479355382
25311433346555661132
25301733925127144854
25311417496366187111
25320771131557565445
25300374731161635512
25300337712411423663
25311771267113757115
25300173173617512755
25301422944441636813
25311468151563192427
23540371372715191587
23542614264716524152
23500349784712421342
23520131872745365911
23524281462374311936
23514463161127983361
23524357621449118661
23504134254851317693
23543231721974513187
244136741154311382691
244135211434167342353
244122291346258631115
244137117371475441513
244004311618159575171
25312341145377451656
25301342118731379617
25321464763133135163
244021793143448431633
244027581441215319577
244233115923334485661
244121235374135315377
244305733478122911316
244213917163611382534
244116327421831791154
244033342323455243323
244103443533555525335
23514714662781911333
23541621311964471618
23521721373614517352
23534431543364164653
23523525613178391735
25320161719675315782
25311216797333181235
25312363783365712191
25302718445974634611
25301343341115697783
25320523135872616961
25301371779418352173
25312834364445169613
25300713713455176553
23531477366155165117
23531376311187972345
23542431266361336621
23522614371566137621
23514823534294317713
23512438144197575641
23503482417962131277
23533441317562361237
25322634314114163663
25311229321711715578
244115394381111572552
244004911423313186565
244223384197361331714
25311114387164357596
25312345696218263133
25321294447116651857
244307287657514711119
244122117774733614412
244033755213891431661
244303131128352566579
244327121671485161629
244303327891174515335
244121265447733171225
23542416148363594352
23512717617333617213
23502391416861261775
25302747565639113833
25311673443673622112
25321334575639816323
25320241977386156555
25311443171761665633
25311263791178156335
25322712741716435566
25311127373765345416
25311374697546351841
25310546197133336387
25311415276473196618
25300343937147713684
25321749651163368136
23500173768916471132
23542243683733951652
23540771217472635157
23530373712511651324
23543563143317726895
23523433872946371553
23520757671176119358
23522457439171385276
23533775784716159135
244335552318214493663
244021443421231614736
244013197811713557625
244113219177384751352
244021462711362183396
244117744531634211645
25301773345523323617
25310311775179827177
244306163215147816169
244123316771765264121
244013139831317252667
244225561531791268547
244333611252147966583
244037176113531498763
244336235239781341516
244237655631743413631
244014356684793351341
23510877615416143927
23541364936653172158
23512338172727535595
23542497718531565562
23532367284637971215
23521469816761576412
23531566331736365614
23542579363718765611
23504334637664891136
23540733594762513871
23502468917463365525
23540733372136485169
244132784719113173673
244023171442394137758
244223367413461633444
244211327371197128546
25312376416616472713
25312457581473196316
25321678121719116266
25301377371136345982
25310233433597624583
244321572542676116372
244017312642816753169
244211317762652523985
244011344686664197152
23541876443111616396
23543754361571536336
23543145387371517966
244326346536258619111
244104943187631653211
23522172624167636372
244021746212361717662
244024339667411275186
244224716119768332337
244024811143719766335
244205373365964136812
23533371138716629375
25310424836137577936
244213387175366954271
244011716837326563943
244021854617171966764
244215354771655565163
244231638937237746531
244338766113451749336
244234827544731649176
23501719546585376733
23510711766986772152
23543445456737816579
23543667693441863162
25300371713676367575
25301434961667386363
244128172534654612392
3541151144314333511521315
23502793167517675286
23543633239375457668
23502464641677616655
23544423772568415669
23533122447874666691
3453214215243113133144152
25311371377671166553
244237449348656736331
244123616374275637174
244125693774453117768
244018117544796166466
244013779553163273826
23512778316713796457
3543334217581119142561111
3543335512314221541451331
3540231444251321211323315
3542243414551321533115152
3542015433145523111521424
3542043111152223154234531
23522767624119685737
3453031312315445134114352
3454134151331153251325413
3451431445511154331133533
25302781776721415796
244133647729837112316
244335743296473448476
244216218964743363366
244216137961647513687
3540314311434132425513133
3541214211115335333351352
23501735678117679663
25322877265647492366
25312765677798455246
25312377576546837956
244013372317382579723
244234762116761444266
3540319142411471411728161
3542023131352533352124411
3540243452415124521331315
3542054433321121421253154
3541341331114425231525231
23504477624186964776
3453235115166133131156142
3453015234531131543453315
3452154421131331513555222
244001777913675486712
244307747693683326255
3541033113314431522125455
3542334513154233315524311
3451131426311452349118211
3451344133341251333115221
244338373237239436733
3543042191146511116168424
3543111324333114524533552
3543131431423315311435512
3540043313452353135421153
3543123535531133334151335
3540044233144133115552325
3541324134431221334233531
3542043531214544531333154
3451233415425531131453542
3450311433422534424312513
3453432451344354151135333
3451454323422112242553113
3452314112334354213333323
3452353432115154232312232
3454154234433115241313335
3451233445425131124341223
3453443551334244231155431
244013787736346329265
3542129361313111554484215
3541049711117241355216811
3542334533111325334241333
3543233535311145433154152
3540134531423333151432124
3454053131524314425253155
3450433435315231455211213
3452033435311513521545425
3454431421515521225133531
3543189716231311521411623
3541354212334543421323313
3543123314541234252531351
3540044331125153331454152
3452315491113316443168127
3450041931111167831624165
3450134344453141343511345
3454131153143523552451552
3450331345254334225313132
3450134531431145241544354
3454114234311435335545125
3452313344112135531332212
3453452443521534233152431
3454333143114411431435523
244222376216836619276
3452044334231454542213135
3543279132115215463168161
3542341557444126911138611
3540331119373733227781111
3541333345542143453415553
3542223234334233515314335
3541324312134254443423353
3540034331345225113423523
3541324551345542133453553
3541133414343435422533135
3452315342492136821616112
3451036731751212115616117
3453231455343533353313235
3452135542533343514351355
3452311422334452435334322
3451443214345432443143543
3453453233114542454543443
3540237318554335931314145
3543255345445132513333534
3451141237373531121352445
3453346371945141561312183
3452453343534532443411443
3542176179171181431126164
3542121212491136732316825
3541234452176971528111445
3540037111714262535161661
3542015433253553445543355
3540234454443415354331335
3540233434133545232324555
3451116123933187235351442
3453241941535183161616461
3453314354794521141368461
3453234344214315315243335
3453034334355341353552543
3542316532144627154466111
3542343518116376111792126
3540333941273178571121146
3540241713811479236161161
3541231391731761211381265
3451382113371317911632166
3452282441194611644554123
3454254462716418719116115
3540043313611819627132614
3542031733357123362114244
3541123385359734215216124
3541226151944714361178621
3451228177151156766214119
3451017331417147293158424
3451245376161123397112824
3453146771556211191512685
3452186623131133665792111
3450234142135943377112648
3454144543111173272416647
3452214573619351871442223
3451244514892316161672145
3452061332372811196521421
3453073111173729852321616
3542115734811634653131649
3540331931764128174311663
3541036833141537161416169
3452239817345537327521121
3452033711316595214664481
3541132678113771159541216
3541221237193617731311865
3542061277413151315466264
3454215279746166141473181
3453242689144416635141447
3453476133781557133344129
3450037139718561515356615
3454359711117667426313841
3454378333172164119316427
3451456193178651511146466
3541326973711185744144161
3541244234361614717632142
3541043371158171795626441
3542174637813313635914117
3541225163454146263361162
3541233793141715758336111
3452063174571369571152418
3453157355471411616641246
3453178192317544136656121
3451375451369331782314415
3453451417769153551272168
3450471171381573723912116
3454257417639233711811625
3543242394341657156352186
3540046471955851251272126
3543021733794113672136248
3540277589564556261111165
3540249326627146111344684
3543324984473147655111626
3540331439568175435124216
3542054371812591651172643
3453365441464718163961621
3451275743751961684132144
3454324576213214143616166
3451426363737451157918413
3452351759665622231111628
3450341391272334222832263
355241422113314412413511151353
3543071787743413339516421
3542344321276263316456611
3540146454392738141152662
3543268249441222444716615
3450414414219376166441486
3452246911731617731352864
3452248659147361155456146
3454357214154152317986627
3452243124474685644952611
3453341371655475119538616
3541147134657564589511625
3542173714985161625146217
3541186111473716665264219
3540045433146116316866649
3543231519756355461716168
3540239437817465556132164
3453181724311711295722667
3451234676158731711956461
3452171781496712351336414
3454124511573343556633616
3451289341362371137761117
3454344613391337448631645
355101113334414111122435233115
3541065777119751133681625
3541243576671553113752415
3543171917712585774656141
3540371341615497661281663
3540337963413278344114663
3540037191471176126738615
3540137354614363665124117
3540375277313516177151266
3451167113777141533698224
3541131451571674663692844
3541037727519755111118666
3542224843594171717136662
3453137179631543248216664
3453264346951561646448245
3450176573728319452272414
3453425691567316237124861
3451337136345276829116644
3451257121377711636546645
3450111387271339616646446
3452238365671149172264426
3454017733172765163161647
3452427317444341256676416
3543121771976638153236264
3542151275244693663841627
3541365675443466611716223
3543331946712375735164683
3454129668773114551361647
3451237813166677975314421
3453471237591445143776683
3452374441763473244576615
3451078977436611512352664
355405333331125231451152515151
355403111152123411455545535242
355444554334533511311314151533
355315134515131455144153231555
3541317973176747837172161
3540173684611617176954243
3453326325924641136364867
3450146116733967311172668
355013134213311152242451513545
355334215241345153151554331115
355213114452231335412521134431
3542241464265513147672666
3543387911726337173761663
3543344357711469834361663
3542071773937161465338261
3453225638964554317416666
3451023737418375795316267
355243151552221314455311425243
355111151242543345114244133315
355335545355551134224131333151
355133314414541523122253155121
355135354233315341142133113342
355242322212412331152133414153
3543073879767174176266111
3542243433177366197136866
3542326874747763191216461
3540344665615633333936283
3450234637373473775714445
3454276241431363612266662
355011313434311415224535152433
355431551533421324553431113352
3543157647394817725516245
3452031732736976583656417
3453426847337765459444246
355243313323343352421142144331
355202122333431524211431522333
355033131432231411123133342243
355004412313135434123135523245
3541316667779345561416486
3452212735674717659566482
355033142251132351332313325243
355211252342433152533115523531
355105354345131142253453513152
3540237428231644497676645
3541071747954367145578667
3540237277623763333176624
355041435554334435411435144233
355245123334254545344233133113
3543325673276944433761866
3453168779611361667554647
3453241769374516644376683
355241535344211431454351335433
355303313152134522153354422223
355445443344221515154311433353
355317371917613535131611821214
355004313334252341123335552324
3450237763569544665861227
355304543155514343555415533552
3543177385236797753156647
355144112311167681126411446269
355041741141617651314211144666
355137464491242317338611161411
355043452554316911214414286163
355101937736381255412144122115
355413451131379541387224166211
355043433114452424243333452433
355323134555212154331345452222
355043334533342524214533415343
3541252947756166476166685
3454257479714572676656865
355044161661115139436114842643
355143145241462164986116142213
355322522144224315435333552322
355136473416614113211444626117
355333175321125375316148146619
355411471141339417114126636826
355223233154914336313611814266
355222377136216361314122114621
355441777111134354911481664163
355224565619116631175221184415
355041746491113536344114146486
355114459461463737352182114414
355143613417333142619846261611
355415874364131911561114116663
355328117351125123471161146269
355332867342391611721626161112
355314454123333352233345233355
355343534443543353343534244531
3542361486659621741666663
355126254333119113867412216622
355023134416223347911466116842
3542046529774366663536844
355444126741352158329616631611
355133445961741835111616162647
355314116393113167816126621447
355041477456164169217164182413
355107713166211319562616468111
355122142317185472293642264415
355226546466151141912611226863
355043738731241233193621621163
355134694578125513752126142413
355407311136823156934412416624
355231617252342311197618624446
355133461231546563179816611247
355003423163452124596822664441
355206133751375741916421866116
355103137318711966662416114615
355413113256173437712416636615
355412322871113722947224166442
355008211391715646716624121266
355446425187634971144166216163
355111451517273972525222821467
355224662111384117494666614621
355442313113976748443644161663
355222751292665163315218644226
355043767196254711721611442683
355113187347263433196162661116
355232254129515363644644624183
355403731916718165231264262265
355427552594514661368122116262
355447931257715665536111436418
355013791323433654113641864663
355017743751911514722621466825
355242651569717475713844122463
355406631117727271613641466126
355248597243431634457611224661
355144669243337172511626281263
355426832647734449731261461161
355013347971477138555212642423
355311541667437471151411266665
355017697486113352374442246116
355415531482733671797661231164
355343577923557756116481421463
355314759141117443366668246464
355043455626244139421486244663
355347379345614134516646866611
355233141416426144697262646817
355023769736237261532814464621
355333174647186345196662622621
355143185414469143761444466666
355343464771525192467814666161
355144741333966562748166416116
355447625312976364713661282613
355342757421641397183414466663
355203717196418153766416616624
355226937316313764476164186265
355242623351364311967266462866
355335139217577747616664648161
355431216367616146194864666413
355114671375713437756166628419
355107717736716595266661418221
355144663261671371974646448611
355204752927345363414662666618
355344625366371713957664666813
355416276674248169667461631166
355124779166722765811424666626