
111222
111223
111224
111225
111226
111227
111232
111233
111234
111235
111236
111237
111242
111243
111244
111245
111246
111247
111252
111253
111254
111255
111256
111257
111262
111263
111264
111265
111266
111267
111272
111273
111275
111276
111277
111289
111298
111322
111323
111324
111325
111326
111327
111332
111333
111334
111335
111336
111337
111342
111343
111344
111345
111346
111347
111352
111353
111354
111355
111356
111357
111362
111363
111364
111365
111366
111367
111372
111373
111374
111375
111376
111377
111389
111398
111422
111423
111424
111425
111426
111427
111432
111433
111434
111435
111436
111437
111442
111443
111444
111445
111446
111447
111452
111453
111454
111455
111456
111457
111462
111463
111464
111465
111466
111467
111472
111473
111474
111475
111476
111477
111489
111498
111522
111523
111524
111525
111526
111527
111532
111533
111534
111535
111536
111537
111542
111543
111544
111545
111546
111547
111552
111553
111554
111555
111556
111557
111562
111563
111564
111565
111566
111567
111572
111573
111574
111575
111576
111577
111589
111598
111622
111623
111624
111625
111626
111627
111632
111633
111634
111635
111636
111637
111642
111643
111644
111645
111646
111647
111652
111653
111654
111655
111656
111657
111662
111663
111664
111665
111666
111667
111672
111673
111674
111675
111676
111677
111689
111698
111722
111723
111724
111725
111726
111727
111732
111733
111734
111735
111736
111737
111742
111743
111744
111745
111746
111747
111752
111753
111754
111755
111756
111757
111762
111763
111764
111765
111766
111767
111772
111773
111774
111775
111776
111777
111789
111798
111829
111839
111849
111859
111869
111879
111892
111893
111894
111895
111896
111897
111928
111938
111948
111958
111968
111978
111982
111983
111984
111985
111986
111987
112122
112123
112124
112125
112126
112127
112132
112133
112134
112135
112136
112137
112142
112143
112144
112145
112146
112147
112152
112153
112154
112155
112156
112157
112162
112163
112164
112165
112166
112167
112172
112173
112174
112175
112176
112177
112189
112198
112212
112213
112214
112215
112216
112217
112221
112222
112223
112224
112225
112226
112227
112231
112232
112233
112234
112235
112236
112237
112241
112242
112243
112244
112245
112246
112247
112251
112252
112253
112254
112255
112256
112257
112261
112262
112263
112264
112265
112266
112267
112271
112272
112273
112274
112275
112276
112277
112289
112298
112312
112313
112314
112315
112316
112317
112321
112322
112323
112324
112325
112326
112327
112331
112332
112333
112334
112335
112336
112337
112341
112342
112343
112344
112345
112346
112347
112351
112352
112353
112354
112355
112356
112357
112361
112362
112363
112364
112365
112366
112367
112371
112372
112373
112374
112375
112376
112377
112389
112398
112412
112413
112414
112415
112416
112417
112421
112422
112423
112424
112425
112426
112427
112431
112432
112433
112434
112435
112436
112437
112441
112442
112443
112444
112445
112446
112447
112451
112452
112453
112454
112455
112456
112457
112461
112462
112463
112464
112465
112466
112467
112471
112472
112473
112474
112475
112476
112477
112489
112498
112512
112513
112514
112515
112516
112517
112521
112522
112523
112524
112525
112526
112527
112531
112532
112533
112534
112535
112536
112537
112541
112542
112543
112544
112545
112546
112547
112551
112552
112553
112554
112555
112556
112557
112561
112562
112563
112564
112565
112566
112567
112571
112572
112573
112574
112575
112576
112577
112589
112598
112612
112613
112614
112615
112616
112617
112621
112622
112623
112624
112625
112626
112627
112631
112632
112633
112634
112635
112636
112637
112641
112642
112643
112644
112645
112646
112647
112651
112652
112653
112654
112655
112656
112657
112661
112662
112663
112664
112665
112666
112667
112671
112672
112673
112674
112675
112676
112677
112689
112698
112712
112713
112714
112715
112716
112717
112721
112722
112723
112724
112725
112726
112727
112731
112732
112733
112734
112735
112736
112737
112741
112742
112743
112744
112745
112746
112747
112751
112752
112753
112754
112755
112756
112757
112761
112762
112763
112764
112765
112766
112767
112771
112772
112773
112774
112775
112776
112777
112789
112798
112819
112829
112839
112849
112859
112869
112879
112891
112892
112893
112894
112895
112896
112897
112918
112928
112938
112948
112958
112968
112978
112981
112982
112983
112984
112985
112986
112987
113122
113123
113124
113125
113126
113127
113132
113133
113134
113135
113136
113137
113142
113143
113144
113145
113146
113147
113152
113153
113154
113155
113156
113157
113162
113163
113164
113165
113166
113167
113172
113173
113174
113175
113176
113177
113189
113198
113212
113213
113214
113215
113216
113217
113221
113222
113223
113224
113225
113226
113227
113231
113232
113233
113234
113235
113236
113237
113241
113242
113243
113244
113245
113246
113247
113251
113252
113253
113254
113255
113256
113257
113261
113262
113263
113264
113265
113266
113267
113271
113272
113273
113274
113275
113276
113277
113289
113298
113312
113313
113314
113315
113316
113317
113321
113322
113323
113324
113325
113326
113327
113331
113332
113333
113334
113335
113336
113337
113341
113342
113343
113344
113345
113346
113347
113351
113352
113353
113354
113355
113356
113357
113361
113362
113363
113364
113365
113366
113367
113371
113372
113373
113374
113375
113376
113377
113389
113398
113412
113413
113414
113415
113416
113417
113421
113422
113423
113424
113425
113426
113427
113431
113432
113433
113434
113435
113436
113437
113441
113442
113443
113444
113445
113446
113447
113451
113452
113453
113454
113455
113456
113457
113461
113462
113463
113464
113465
113466
113467
113471
113472
113473
113474
113475
113476
113477
113489
113498
113512
113513
113514
113515
113516
113517
113521
113522
113523
113524
113525
113526
113527
113531
113532
113533
113534
113535
113536
113537
113541
113542
113543
113544
113545
113546
113547
113551
113552
113553
113554
113555
113556
113557
113561
113562
113563
113564
113565
113566
113567
113571
113572
113573
113574
113575
113576
113577
113589
113598
113612
113613
113614
113615
113616
113617
113621
113622
113623
113624
113625
113626
113627
113631
113632
113633
113634
113635
113636
113637
113641
113642
113643
113644
113645
113646
113647
113651
113652
113653
113654
113655
113656
113657
113661
113662
113663
113664
113665
113666
113667
113671
113672
113673
113674
113675
113676
113677
113689
113698
113712
113713
113714
113715
113716
113717
113721
113722
113723
113724
113725
113726
113727
113731
113732
113733
113734
113735
113736
113737
113741
113742
113743
113744
113745
113746
113747
113751
113752
113753
113754
113755
113756
113757
113761
113762
113763
113764
113765
113766
113767
113771
113772
113773
113774
113775
113776
113777
113789
113798
113819
113829
113839
113849
113859
113869
113879
113891
113892
113893
113894
113895
113896
113897
113918
113928
113938
113948
113958
113968
113978
113981
113982
113983
113984
113985
113986
113987
114122
114123
114124
114125
114126
114127
114132
114133
114134
114135
114136
114137
114142
114143
114144
114145
114146
114147
114152
114153
114154
114155
114156
114157
114162
114163
114164
114165
114166
114167
114172
114173
114174
114175
114176
114177
114189
114198
114212
114213
114214
114215
114216
114217
114221
114222
114223
114224
114225
114226
114227
114231
114232
114233
114234
114235
114236
114237
114241
114242
114243
114244
114245
114246
114247
114251
114252
114253
114254
114255
114256
114257
114261
114262
114263
114264
114265
114266
114267
114271
114272
114273
114274
114275
114276
114277
114289
114298
114312
114313
114314
114315
114316
114317
114321
114322
114323
114324
114325
114326
114327
114331
114332
114333
114334
114335
114336
114337
114341
114342
114343
114344
114345
114346
114347
114351
114352
114353
114354
114355
114356
114357
114361
114362
114363
114364
114365
114366
114367
114371
114372
114373
114374
114375
114376
114377
114389
114398
114412
114413
114414
114415
114416
114417
114421
114422
114423
114424
114425
114426
114427
114431
114432
114433
114434
114435
114436
114437
114441
114442
114443
114444
114445
114446
114447
114451
114452
114453
114454
114455
114456
114457
114461
114462
114463
114464
114465
114466
114467
114471
114472
114473
114474
114475
114476
114477
114489
114498
114512
114513
114514
114515
114516
114517
114521
114522
114523
114524
114525
114526
114527
114531
114532
114533
114534
114535
114536
114537
114541
114542
114543
114544
114545
114546
114547
114551
114552
114553
114554
114555
114556
114557
114561
114562
114563
114564
114565
114566
114567
114571
114572
114573
114574
114575
114576
114577
114589
114598
114612
114613
114614
114615
114616
114617
114621
114622
114623
114624
114625
114626
114627
114631
114632
114633
114634
114635
114636
114637
114641
114642
114643
114644
114645
114646
114647
114651
114652
114653
114654
114655
114656
114657
114661
114662
114663
114664
114665
114666
114667
114671
114672
114673
114674
114675
114676
114677
114689
114698
114712
114713
114714
114715
114716
114717
114721
114722
114723
114724
114725
114726
114727
114731
114732
114733
114734
114735
114736
114737
114741
114742
114743
114744
114745
114746
114747
114751
114752
114753
114754
114755
114756
114757
114761
114762
114763
114764
114765
114766
114767
114771
114772
114773
114774
114775
114776
114777
114789
114798
114819
114829
114839
114849
114859
114869
114879
114891
114892
114893
114894
114895
114896
114897
114918
114928
114938
114948
114958
114968
114978
114981
114982
114983
114984
114985
114986
114987
115122
115123
115124
115125
115126
115127
115132
115133
115134
115135
115136
115137
115142
115143
115144
115145
115146
115147
115152
115153
115154
115155
115156
115157
115162
115163
115164
115165
115166
115167
115172
115173
115174
115175
115176
115177
115189
115198
115212
115213
115214
115215
115216
115217
115221
115222
115223
115224
115225
115226
115227
115231
115232
115233
115234
115235
115236
115237
115241
115242
115243
115244
115245
115246
115247
115251
115252
115253
115254
115255
115256
115257
115261
115262
115263
115264
115265
115266
115267
115271
115272
115273
115274
115275
115276
115277
115289
115298
115312
115313
115314
115315
115316
115317
115321
115322
115323
115324
115325
115326
115327
115331
115332
115333
115334
115335
115336
115337
115341
115342
115343
115344
115345
115346
115347
115351
115352
115353
115354
115355
115356
115357
115361
115362
115363
115364
115365
115366
115367
115371
115372
115373
115374
115375
115376
115377
115389
115398
115412
115413
115414
115415
115416
115417
115421
115422
115423
115424
115425
115426
115427
115431
115432
115433
115434
115435
115436
115437
115441
115442
115443
115444
115445
115446
115447
115451
115452
115453
115454
115455
115456
115457
115461
115462
115463
115464
115465
115466
115467
115471
115472
115473
115474
115475
115476
115477
115489
115498
115512
115513
115514
115515
115516
115517
115521
115522
115523
115524
115525
115526
115527
115531
115532
115533
115534
115535
115536
115537
115541
115542
115543
115544
115545
115546
115547
115551
115552
115553
115554
115555
115556
115557
115561
115562
115563
115564
115565
115566
115567
115571
115572
115573
115574
115575
115576
115577
115589
115598
115612
115613
115614
115615
115616
115617
115621
115622
115623
115624
115625
115626
115627
115631
115632
115633
115634
115635
115636
115637
115641
115642
115643
115644
115645
115646
115647
115651
115652
115653
115654
115655
115656
115657
115661
115662
115663
115664
115665
115666
115667
115671
115672
115673
115674
115675
115676
115677
115689
115698
115712
115713
115714
115715
115716
115717
115721
115722
115723
115724
115725
115726
115727
115731
115732
115733
115734
115735
115736
115737
115741
115742
115743
115744
115745
115746
115747
115751
115752
115753
115754
115755
115756
115757
115761
115762
115763
115764
115765
115766
115767
115771
115772
115773
115774
115775
115776
115777
115789
115798
115819
115829
115839
115849
115859
115869
115879
115891
115892
115893
115894
115895
115896
115897
115918
115928
115938
115948
115958
115968
115978
115981
115982
115983
115984
115985
115986
115987
116122
116123
116124
116125
116126
116127
116132
116133
116134
116135
116136
116137
116142
116143
116144
116145
116146
116147
116152
116153
116154
116155
116156
116157
116162
116163
116164
116165
116166
116167
116172
116173
116174
116175
116176
116177
116189
116198
116212
116213
116214
116215
116216
116217
116221
116222
116223
116224
116225
116226
116227
116231
116232
116233
116234
116235
116236
116237
116241
116242
116243
116244
116245
116246
116247
116251
116252
116253
116254
116255
116256
116257
116261
116262
116263
116264
116265
116266
116267
116271
116272
116273
116274
116275
116276
116277
116289
116298
116312
116313
116314
116315
116316
116317
116321
116322
116323
116324
116325
116326
116327
116331
116332
116333
116334
116335
116336
116337
116341
116342
116343
116344
116345
116346
116347
116351
116352
116353
116354
116355
116356
116357
116361
116362
116363
116364
116365
116366
116367
116371
116372
116373
116374
116375
116376
116377
116389
116398
116412
116413
116414
116415
116416
116417
116421
116422
116423
116424
116425
116426
116427
116431
116432
116433
116434
116435
116436
116437
116441
116442
116443
116444
116445
116446
116447
116451
116452
116453
116454
116455
116456
116457
116461
116462
116463
116464
116465
116466
116467
116471
116472
116473
116474
116475
116476
116477
116489
116498
116512
116513
116514
116515
116516
116517
116521
116522
116523
116524
116525
116526
116527
116531
116532
116533
116534
116535
116536
116537
116541
116542
116543
116544
116545
116546
116547
116551
116552
116553
116554
116555
116556
116557
116561
116562
116563
116564
116565
116566
116567
116571
116572
116573
116574
116575
116576
116577
116589
116598
116612
116613
116614
116615
116616
116617
116621
116622
116623
116624
116625
116626
116627
116631
116632
116633
116634
116635
116636
116637
116641
116642
116643
116644
116645
116646
116647
116651
116652
116653
116654
116655
116656
116657
116661
116662
116663
116664
116665
116666
116667
116671
116672
116673
116674
116675
116676
116677
116689
116698
116712
116713
116714
116715
116716
116717
116721
116722
116723
116724
116725
116726
116727
116731
116732
116733
116734
116735
116736
116737
116741
116742
116743
116744
116745
116746
116747
116751
116752
116753
116754
116755
116756
116757
116761
116762
116763
116764
116765
116766
116767
116771
116772
116773
116774
116775
116776
116777
116789
116798
116819
116829
116839
116849
116859
116869
116879
116891
116892
116893
116894
116895
116896
116897
116918
116928
116938
116948
116958
116968
116978
116981
116982
116983
116984
116985
116986
116987
117122
117123
117124
117125
117126
117127
117132
117133
117134
117135
117136
117137
117142
117143
117144
117145
117146
117147
117152
117153
117154
117155
117156
117157
117162
117163
117164
117165
117166
117167
117172
117173
117174
117175
117176
117177
117189
117198
117212
117213
117214
117215
117216
117217
117221
117222
117223
117224
117225
117226
117227
117231
117232
117233
117234
117235
117236
117237
117241
117242
117243
117244
117245
117246
117247
117251
117252
117253
117254
117255
117256
117257
117261
117262
117263
117264
117265
117266
117267
117271
117272
117273
117274
117275
117276
117277
117289
117298
117312
117313
117314
117315
117316
117317
117321
117322
117323
117324
117325
117326
117327
117331
117332
117333
117334
117335
117336
117337
117341
117342
117343
117344
117345
117346
117347
117351
117352
117353
117354
117355
117356
117357
117361
117362
117363
117364
117365
117366
117367
117371
117372
117373
117374
117375
117376
117377
117389
117398
117412
117413
117414
117415
117416
117417
117421
117422
117423
117424
117425
117426
117427
117431
117432
117433
117434
117435
117436
117437
117441
117442
117443
117444
117445
117446
117447
117451
117452
117453
117454
117455
117456
117457
117461
117462
117463
117464
117465
117466
117467
117471
117472
117473
117474
117475
117476
117477
117489
117498
117512
117513
117514
117515
117516
117517
117521
117522
117523
117524
117525
117526
117527
117531
117532
117533
117534
117535
117536
117537
117541
117542
117543
117544
117545
117546
117547
117551
117552
117553
117554
117555
117556
117557
117561
117562
117563
117564
117565
117566
117567
117571
117572
117573
117574
117575
117576
117577
117589
117598
117612
117613
117614
117615
117616
117617
117621
117622
117623
117624
117625
117626
117627
117631
117632
117633
117634
117635
117636
117637
117641
117642
117643
117644
117645
117646
117647
117651
117652
117653
117654
117655
117656
117657
117661
117662
117663
117664
117665
117666
117667
117671
117672
117673
117674
117675
117676
117677
117689
117698
117712
117713
117714
117715
117716
117717
117721
117722
117723
117724
117725
117726
117727
117731
117732
117733
117734
117735
117736
117737
117741
117742
117743
117744
117745
117746
117747
117751
117752
117753
117754
117755
117756
117757
117761
117762
117763
117764
117765
117766
117767
117771
117772
117773
117774
117775
117776
117777
117789
117798
117819
117829
117839
117849
117859
117869
117879
117891
117892
117893
117894
117895
117896
117897
117918
117928
117938
117948
117958
117968
117978
117981
117982
117983
117984
117985
117986
117987
118129
118139
118149
118159
118169
118179
118192
118193
118194
118195
118196
118197
118219
118229
118239
118249
118259
118269
118279
118291
118292
118293
118294
118295
118296
118297
118319
118329
118339
118349
118359
118369
118379
118391
118392
118393
118394
118395
118396
118397
118419
118429
118439
118449
118459
118469
118479
118491
118492
118493
118494
118495
118496
118497
118519
118529
118539
118549
118559
118569
118579
118591
118592
118593
118594
118595
118596
118597
118619
118629
118639
118649
118659
118669
118679
118691
118692
118693
118694
118695
118696
118697
118719
118729
118739
118749
118759
118769
118779
118791
118792
118793
118794
118795
118796
118797
118912
118913
118914
118915
118916
118917
118921
118922
118923
118924
118925
118926
118927
118931
118932
118933
118934
118935
118936
118937
118941
118942
118943
118944
118945
118946
118947
118951
118952
118953
118954
118955
118956
118957
118961
118962
118963
118964
118965
118966
118967
118971
118972
118973
118974
118975
118976
118977
119128
119138
119148
119158
119168
119178
119182
119183
119184
119185
119186
119187
119218
119228
119238
119248
119258
119268
119278
119281
119282
119283
119284
119285
119286
119287
119318
119328
119338
119348
119358
119368
119378
119381
119382
119383
119384
119385
119386
119387
119418
119428
119438
119448
119458
119468
119478
119481
119482
119483
119484
119485
119486
119487
119518
119528
119538
119548
119558
119568
119578
119581
119582
119583
119584
119585
119586
119587
119618
119628
119638
119648
119658
119668
119678
119681
119682
119683
119684
119685
119686
119687
119718
119728
119738
119748
119758
119768
119778
119781
119782
119783
119784
119785
119786
119787
119812
119813
119814
119815
119816
119817
119821
119822
119823
119824
119825
119826
119827
119831
119832
119833
119834
119835
119836
119837
119841
119842
119843
119844
119845
119846
119847
119851
119852
119853
119854
119855
119856
119857
119861
119862
119863
119864
119865
119866
119867
119871
119872
119873
119874
119875
119876
119877
131122
131123
131124
131125
131126
131127
131132
131133
131134
131135
131136
131137
131142
131143
131144
131145
131146
131147
131152
131153
131154
131155
131156
131157
131162
131163
131164
131165
131166
131167
131172
131173
131174
131175
131176
131177
131189
131198
131212
131213
131214
131215
131216
131217
131221
131222
131223
131224
131225
131226
131227
131231
131232
131233
131234
131235
131236
131237
131241
131242
131243
131244
131245
131246
131247
131251
131252
131253
131254
131255
131256
131257
131261
131262
131263
131264
131265
131266
131267
131271
131272
131273
131274
131275
131276
131277
131289
131298
131312
131313
131314
131315
131316
131317
131321
131322
131323
131324
131325
131326
131327
131331
131332
131333
131334
131335
131336
131337
131341
131342
131343
131344
131345
131346
131347
131351
131352
131353
131354
131355
131356
131357
131361
131362
131363
131364
131365
131366
131367
131371
131372
131373
131374
131375
131376
131377
131389
131398
131412
131413
131414
131415
131416
131417
131421
131422
131423
131424
131425
131426
131427
131431
131432
131433
131434
131435
131436
131437
131441
131442
131443
131444
131445
131446
131447
131451
131452
131453
131454
131455
131456
131457
131461
131462
131463
131464
131465
131466
131467
131471
131472
131473
131474
131475
131476
131477
131489
131498
131512
131513
131514
131515
131516
131517
131521
131522
131523
131524
131525
131526
131527
131531
131532
131533
131534
131535
131536
131537
131541
131542
131543
131544
131545
131546
131547
131551
131552
131553
131554
131555
131556
131557
131561
131562
131563
131564
131565
131566
131567
131571
131572
131573
131574
131575
131576
131577
131589
131598
131612
131613
131614
131615
131616
131617
131621
131622
131623
131624
131625
131626
131627
131631
131632
131633
131634
131635
131636
131637
131641
131642
131643
131644
131645
131646
131647
131651
131652
131653
131654
131655
131656
131657
131661
131662
131663
131664
131665
131666
131667
131671
131672
131673
131674
131675
131676
131677
131689
131698
131712
131713
131714
131715
131716
131717
131721
131722
131723
131724
131725
131726
131727
131731
131732
131733
131734
131735
131736
131737
131741
131742
131743
131744
131745
131746
131747
131751
131752
131753
131754
131755
131756
131757
131761
131762
131763
131764
131765
131766
131767
131771
131772
131773
131774
131775
131776
131777
131789
131798
131819
131829
131839
131849
131859
131869
131879
131891
131892
131893
131894
131895
131896
131897
131918
131928
131938
131948
131958
131968
131978
131981
131982
131983
131984
131985
131986
131987
132112
132113
132114
132115
132116
132117
132121
132122
132123
132124
132125
132126
132127
132131
132132
132133
132134
132135
132136
132137
132141
132142
132143
132144
132145
132146
132147
132151
132152
132153
132154
132155
132156
132157
132161
132162
132163
132164
132165
132166
132167
132171
132172
132173
132174
132175
132176
132177
132189
132198
132211
132212
132213
132214
132215
132216
132217
132221
132222
132223
132224
132225
132226
132227
132231
132232
132233
132234
132235
132236
132237
132241
132242
132243
132244
132245
132246
132247
132251
132252
132253
132254
132255
132256
132257
132261
132262
132263
132264
132265
132266
132267
132271
132272
132273
132274
132275
132276
132277
132289
132298
132311
132312
132313
132314
132315
132316
132317
132321
132322
132323
132324
132325
132326
132327
132331
132332
132333
132334
132335
132336
132337
132341
132342
132343
132344
132345
132346
132347
132351
132352
132353
132354
132355
132356
132357
132361
132362
132363
132364
132365
132366
132367
132371
132372
132373
132374
132375
132376
132377
132389
132398
132411
132412
132413
132414
132415
132416
132417
132421
132422
132423
132424
132425
132426
132427
132431
132432
132433
132434
132435
132436
132437
132441
132442
132443
132444
132445
132446
132447
132451
132452
132453
132454
132455
132456
132457
132461
132462
132463
132464
132465
132466
132467
132471
132472
132473
132474
132475
132476
132477
132489
132498
132511
132512
132513
132514
132515
132516
132517
132521
132522
132523
132524
132525
132526
132527
132531
132532
132533
132534
132535
132536
132537
132541
132542
132543
132544
132545
132546
132547
132551
132552
132553
132554
132555
132556
132557
132561
132562
132563
132564
132565
132566
132567
132571
132572
132573
132574
132575
132576
132577
132589
132598
132611
132612
132613
132614
132615
132616
132617
132621
132622
132623
132624
132625
132626
132627
132631
132632
132633
132634
132635
132636
132637
132641
132642
132643
132644
132645
132646
132647
132651
132652
132653
132654
132655
132656
132657
132661
132662
132663
132664
132665
132666
132667
132671
132672
132673
132674
132675
132676
132677
132689
132698
132711
132712
132713
132714
132715
132716
132717
132721
132722
132723
132724
132725
132726
132727
132731
132732
132733
132734
132735
132736
132737
132741
132742
132743
132744
132745
132746
132747
132751
132752
132753
132754
132755
132756
132757
132761
132762
132763
132764
132765
132766
132767
132771
132772
132773
132774
132775
132776
132777
132789
132798
132819
132829
132839
132849
132859
132869
132879
132891
132892
132893
132894
132895
132896
132897
132918
132928
132938
132948
132958
132968
132978
132981
132982
132983
132984
132985
132986
132987
133112
133113
133114
133115
133116
133117
133121
133122
133123
133124
133125
133126
133127
133131
133132
133133
133134
133135
133136
133137
133141
133142
133143
133144
133145
133146
133147
133151
133152
133153
133154
133155
133156
133157
133161
133162
133163
133164
133165
133166
133167
133171
133172
133173
133174
133175
133176
133177
133189
133198
133211
133212
133213
133214
133215
133216
133217
133221
133222
133223
133224
133225
133226
133227
133231
133232
133233
133234
133235
133236
133237
133241
133242
133243
133244
133245
133246
133247
133251
133252
133253
133254
133255
133256
133257
133261
133262
133263
133264
133265
133266
133267
133271
133272
133273
133274
133275
133276
133277
133289
133298
133311
133312
133313
133314
133315
133316
133317
133321
133322
133323
133324
133325
133326
133327
133331
133332
133333
133334
133335
133336
133337
133341
133342
133343
133344
133345
133346
133347
133351
133352
133353
133354
133355
133356
133357
133361
133362
133363
133364
133365
133366
133367
133371
133372
133373
133374
133375
133376
133377
133389
133398
133411
133412
133413
133414
133415
133416
133417
133421
133422
133423
133424
133425
133426
133427
133431
133432
133433
133434
133435
133436
133437
133441
133442
133443
133444
133445
133446
133447
133451
133452
133453
133454
133455
133456
133457
133461
133462
133463
133464
133465
133466
133467
133471
133472
133473
133474
133475
133476
133477
133489
133498
133511
133512
133513
133514
133515
133516
133517
133521
133522
133523
133524
133525
133526
133527
133531
133532
133533
133534
133535
133536
133537
133541
133542
133543
133544
133545
133546
133547
133551
133552
133553
133554
133555
133556
133557
133561
133562
133564
133565
133566
133567
133571
133572
133573
133574
133575
133576
133577
133589
133598
133611
133612
133613
133614
133615
133616
133617
133621
133622
133623
133624
133625
133626
133627
133631
133632
133633
133634
133635
133636
133637
133641
133642
133643
133644
133645
133646
133647
133651
133653
133654
133655
133656
133657
133661
133662
133663
133664
133665
133666
133667
133671
133672
133673
133674
133675
133676
133677
133689
133698
133711
133712
133713
133714
133715
133716
133717
133721
133722
133723
133724
133725
133726
133727
133731
133732
133733
133734
133735
133736
133737
133741
133742
133743
133744
133745
133746
133747
133751
133752
133753
133754
133755
133756
133757
133761
133762
133763
133764
133765
133766
133767
133771
133772
133773
133774
133775
133776
133777
133789
133798
133819
133829
133839
133849
133859
133869
133879
133891
133892
133893
133894
133895
133896
133897
133918
133928
133938
133948
133958
133968
133978
133981
133982
133983
133984
133985
133986
133987
134112
134113
134114
134115
134116
134117
134121
134122
134123
134124
134125
134126
134127
134131
134132
134133
134134
134135
134136
134137
134141
134142
134143
134144
134145
134146
134147
134151
134152
134153
134154
134155
134156
134157
134161
134162
134163
134164
134165
134166
134167
134171
134172
134173
134174
134175
134176
134177
134189
134198
134211
134212
134213
134214
134215
134216
134217
134221
134222
134223
134224
134225
134226
134227
134231
134232
134233
134234
134235
134236
134237
134241
134242
134243
134244
134245
134246
134247
134251
134252
134253
134254
134255
134256
134257
134261
134262
134263
134264
134265
134266
134267
134271
134272
134273
134274
134275
134276
134277
134289
134298
134311
134312
134313
134314
134315
134316
134317
134321
134322
134323
134324
134325
134326
134327
134331
134332
134333
134334
134335
134336
134337
134341
134342
134343
134344
134345
134346
134347
134351
134352
134353
134354
134355
134356
134357
134361
134362
134363
134364
134365
134366
134367
134371
134372
134373
134374
134375
134376
134377
134389
134398
134411
134412
134413
134414
134415
134416
134417
134421
134422
134423
134424
134425
134426
134427
134431
134432
134433
134434
134435
134436
134437
134441
134442
134443
134444
134445
134446
134447
134451
134452
134453
134454
134455
134456
134457
134461
134462
134463
134464
134465
134466
134467
134471
134472
134473
134474
134475
134476
134477
134489
134498
134511
134512
134513
134514
134515
134516
134517
134521
134522
134523
134524
134525
134526
134527
134531
134532
134533
134534
134535
134536
134537
134541
134542
134543
134544
134545
134546
134547
134551
134552
134553
134554
134555
134556
134557
134561
134562
134563
134564
134565
134566
134567
134571
134572
134573
134574
134575
134576
134577
134589
134598
134611
134612
134613
134614
134615
134616
134617
134621
134622
134623
134624
134625
134626
134627
134631
134632
134633
134634
134635
134636
134637
134641
134642
134643
134644
134645
134646
134647
134651
134652
134653
134654
134655
134656
134657
134661
134662
134663
134664
134665
134666
134667
134671
134672
134673
134674
134675
134676
134677
134689
134698
134711
134712
134713
134714
134715
134716
134717
134721
134722
134723
134724
134725
134726
134727
134731
134732
134733
134734
134735
134736
134737
134741
134742
134743
134744
134745
134746
134747
134751
134752
134753
134754
134755
134756
134757
134761
134762
134763
134764
134765
134766
134767
134771
134772
134773
134774
134775
134776
134777
134789
134798
134819
134829
134839
134849
134859
134869
134879
134891
134892
134893
134894
134895
134896
134897
134918
134928
134938
134948
134958
134968
134978
134981
134982
134983
134984
134985
134986
134987
135112
135113
135114
135115
135116
135117
135121
135122
135123
135124
135125
135126
135127
135131
135132
135133
135134
135135
135136
135137
135141
135142
135143
135144
135145
135146
135147
135151
135152
135153
135154
135155
135156
135157
135161
135162
135163
135164
135165
135166
135167
135171
135172
135173
135174
135175
135176
135177
135189
135198
135211
135212
135213
135214
135215
135216
135217
135221
135222
135223
135224
135225
135226
135227
135231
135232
135233
135234
135235
135236
135237
135241
135242
135243
135244
135245
135246
135247
135251
135252
135253
135254
135255
135256
135257
135261
135262
135263
135264
135265
135266
135267
135271
135272
135273
135274
135275
135276
135277
135289
135298
135311
135312
135313
135314
135315
135316
135317
135321
135322
135323
135324
135325
135326
135327
135331
135332
135333
135334
135335
135336
135337
135341
135342
135343
135344
135345
135346
135347
135351
135352
135353
135354
135355
135356
135357
135361
135362
135363
135364
135365
135366
135367
135371
135372
135373
135374
135375
135376
135377
135389
135398
135411
135412
135413
135414
135415
135416
135417
135421
135422
135423
135424
135425
135426
135427
135431
135432
135433
135434
135435
135436
135437
135441
135442
135443
135444
135445
135446
135447
135451
135452
135453
135454
135455
135456
135457
135461
135462
135463
135464
135465
135466
135467
135471
135472
135473
135474
135475
135476
135477
135489
135498
135511
135512
135513
135514
135515
135516
135517
135521
135522
135523
135524
135525
135526
135527
135531
135532
135533
135534
135535
135536
135537
135541
135542
135543
135544
135545
135546
135547
135551
135552
135553
135554
135555
135556
135557
135561
135562
135563
135564
135565
135566
135567
135571
135572
135573
135574
135575
135576
135577
135589
135598
135611
135612
135613
135614
135615
135616
135617
135621
135622
135623
135624
135625
135626
135627
135631
135632
135633
135634
135635
135636
135637
135641
135642
135643
135644
135645
135646
135647
135651
135652
135653
135654
135655
135656
135657
135661
135662
135663
135664
135665
135666
135667
135671
135672
135673
135674
135675
135676
135677
135689
135698
135711
135712
135713
135714
135715
135716
135717
135721
135722
135723
135724
135725
135726
135727
135731
135732
135733
135734
135735
135736
135737
135741
135742
135743
135744
135745
135746
135747
135751
135752
135753
135754
135755
135756
135757
135761
135762
135763
135764
135765
135766
135767
135771
135772
135773
135774
135775
135776
135777
135789
135798
135819
135829
135839
135849
135859
135869
135879
135891
135892
135893
135894
135895
135896
135897
135918
135928
135938
135948
135958
135968
135978
135981
135982
135983
135984
135985
135986
135987
136112
136113
136114
136115
136116
136117
136121
136122
136123
136124
136125
136126
136127
136131
136132
136133
136134
136135
136136
136137
136141
136142
136143
136144
136145
136146
136147
136151
136152
136153
136154
136155
136156
136157
136161
136162
136163
136164
136165
136166
136167
136171
136172
136173
136174
136175
136176
136177
136189
136198
136211
136212
136213
136214
136215
136216
136217
136221
136222
136223
136224
136225
136226
136227
136231
136232
136233
136234
136235
136236
136237
136241
136242
136243
136244
136245
136246
136247
136251
136252
136253
136254
136255
136256
136257
136261
136262
136263
136264
136265
136266
136267
136271
136272
136273
136274
136275
136276
136277
136289
136298
136311
136312
136313
136314
136315
136316
136317
136321
136322
136323
136324
136325
136326
136327
136331
136332
136333
136334
136335
136336
136337
136341
136342
136343
136344
136345
136346
136347
136351
136352
136353
136354
136355
136356
136357
136361
136362
136363
136364
136365
136366
136367
136371
136372
136373
136374
136375
136376
136377
136389
136398
136411
136412
136413
136414
136415
136416
136417
136421
136422
136423
136424
136425
136426
136427
136431
136432
136433
136434
136435
136436
136437
136441
136442
136443
136444
136445
136446
136447
136451
136452
136453
136454
136455
136456
136457
136461
136462
136463
136464
136465
136466
136467
136471
136472
136473
136474
136475
136476
136477
136489
136498
136511
136512
136513
136514
136515
136516
136517
136521
136522
136523
136524
136525
136526
136527
136531
136532
136533
136534
136535
136536
136537
136541
136542
136543
136544
136545
136546
136547
136551
136552
136553
136554
136555
136556
136557
136561
136562
136563
136564
136565
136566
136567
136571
136572
136573
136574
136575
136576
136577
136589
136598
136611
136612
136613
136614
136615
136616
136617
136621
136622
136623
136624
136625
136626
136627
136631
136632
136633
136634
136635
136636
136637
136641
136642
136643
136644
136645
136646
136647
136651
136652
136653
136654
136655
136656
136657
136661
136662
136663
136664
136665
136666
136667
136671
136672
136673
136674
136675
136676
136677
136689
136698
136711
136712
136713
136714
136715
136716
136717
136721
136722
136723
136724
136725
136726
136727
136731
136732
136733
136734
136735
136736
136737
136741
136742
136743
136744
136745
136746
136747
136751
136752
136753
136754
136755
136756
136757
136761
136762
136763
136764
136765
136766
136767
136771
136772
136773
136774
136775
136776
136777
136789
136798
136819
136829
136839
136849
136859
136869
136879
136891
136892
136893
136894
136895
136896
136897
136918
136928
136938
136948
136958
136968
136978
136981
136982
136983
136984
136985
136986
136987
137112
137113
137114
137115
137116
137117
137121
137122
137123
137124
137125
137126
137127
137131
137132
137133
137134
137135
137136
137137
137141
137142
137143
137144
137145
137146
137147
137151
137152
137153
137154
137155
137156
137157
137161
137162
137163
137164
137165
137166
137167
137171
137172
137173
137174
137175
137176
137177
137189
137198
137211
137212
137213
137214
137215
137216
137217
137221
137222
137223
137224
137225
137226
137227
137231
137232
137233
137234
137235
137236
137237
137241
137242
137243
137244
137245
137246
137247
137251
137252
137253
137254
137255
137256
137257
137261
137262
137263
137264
137265
137266
137267
137271
137272
137273
137274
137275
137276
137277
137289
137298
137311
137312
137313
137314
137315
137316
137317
137321
137322
137323
137324
137325
137326
137327
137331
137332
137333
137334
137335
137336
137337
137341
137342
137343
137344
137345
137346
137347
137351
137352
137353
137354
137355
137356
137357
137361
137362
137363
137364
137365
137366
137367
137371
137372
137373
137374
137375
137376
137377
137389
137398
137411
137412
137413
137414
137415
137416
137417
137421
137422
137423
137424
137425
137426
137427
137431
137432
137433
137434
137435
137436
137437
137441
137442
137443
137444
137445
137446
137447
137451
137452
137453
137454
137455
137456
137457
137461
137462
137463
137464
137465
137466
137467
137471
137472
137473
137474
137475
137476
137477
137489
137498
137511
137512
137513
137514
137515
137516
137517
137521
137522
137523
137524
137525
137526
137527
137531
137532
137533
137534
137535
137536
137537
137541
137542
137543
137544
137545
137546
137547
137551
137552
137553
137554
137555
137556
137557
137561
137562
137563
137564
137565
137566
137567
137571
137572
137573
137574
137575
137576
137577
137589
137598
137611
137612
137613
137614
137615
137616
137617
137621
137622
137623
137624
137625
137626
137627
137631
137632
137633
137634
137635
137636
137637
137641
137642
137643
137644
137645
137646
137647
137651
137652
137653
137654
137655
137656
137657
137661
137662
137663
137664
137665
137666
137667
137671
137672
137673
137674
137675
137676
137677
137689
137698
137711
137712
137713
137714
137715
137716
137717
137721
137722
137723
137724
137725
137726
137727
137731
137732
137733
137734
137735
137736
137737
137741
137742
137743
137744
137745
137746
137747
137751
137752
137753
137754
137755
137756
137757
137761
137762
137763
137764
137765
137766
137767
137771
137772
137773
137774
137775
137776
137777
137789
137798
137819
137829
137839
137849
137859
137869
137879
137891
137892
137893
137894
137895
137896
137897
137918
137928
137938
137948
137958
137968
137978
137981
137982
137983
137984
137985
137986
137987
138119
138129
138139
138149
138159
138169
138179
138191
138192
138193
138194
138195
138196
138197
138219
138229
138239
138249
138259
138269
138279
138291
138292
138293
138294
138295
138296
138297
138319
138329
138339
138349
138359
138369
138379
138391
138392
138393
138394
138395
138396
138397
138419
138429
138439
138449
138459
138469
138479
138491
138492
138493
138494
138495
138496
138497
138519
138529
138539
138549
138559
138569
138579
138591
138592
138593
138594
138595
138596
138597
138619
138629
138639
138649
138659
138669
138679
138691
138692
138693
138694
138695
138696
138697
138719
138729
138739
138749
138759
138769
138779
138791
138792
138793
138794
138795
138796
138797
138911
138912
138913
138914
138915
138916
138917
138921
138922
138923
138924
138925
138926
138927
138931
138932
138933
138934
138935
138936
138937
138941
138942
138943
138944
138945
138946
138947
138951
138952
138953
138954
138955
138956
138957
138961
138962
138963
138964
138965
138966
138967
138971
138972
138973
138974
138975
138976
138977
139118
139128
139138
139148
139158
139168
139178
139181
139182
139183
139184
139185
139186
139187
139218
139228
139238
139248
139258
139268
139278
139281
139282
139283
139284
139285
139286
139287
139318
139328
139338
139348
139358
139368
139378
139381
139382
139383
139384
139385
139386
139387
139418
139428
139438
139448
139458
139468
139478
139481
139482
139483
139484
139485
139486
139487
139518
139528
139538
139548
139558
139568
139578
139581
139582
139583
139584
139585
139586
139587
139618
139628
139638
139648
139658
139668
139678
139681
139682
139683
139684
139685
139686
139687
139718
139728
139738
139748
139758
139768
139778
139781
139782
139783
139784
139785
139786
139787
139811
139812
139813
139814
139815
139816
139817
139821
139822
139823
139824
139825
139826
139827
139831
139832
139833
139834
139835
139836
139837
139841
139842
139843
139844
139845
139846
139847
139851
139852
139853
139854
139855
139856
139857
139861
139862
139863
139864
139865
139866
139867
139871
139872
139873
139874
139875
139876
139877
371115
371125
371135
371145
371155
371165
371175
371511
371512
371514
371515
371516
371517
371521
371522
371523
371524
371525
371526
371527
371531
371532
371533
371534
371535
371536
371537
371541
371542
371543
371544
371545
371547
371551
371552
371553
371554
371555
371556
371557
371561
371562
371563
371564
371565
371566
371567
371571
371572
371573
371574
371575
371576
371577
371589
371598
372115
372125
372135
372145
372155
372165
372175
372511
372512
372513
372514
372515
372516
372517
372521
372522
372523
372524
372525
372526
372527
372531
372533
372534
372535
372536
372537
372541
372542
372543
372544
372545
372546
372547
372551
372552
372553
372554
372555
372556
372557
372561
372562
372563
372564
372565
372566
372567
372571
372572
372573
372574
372575
372576
372577
372589
372598
373115
373125
373135
373145
373155
373165
373175
373511
373512
373513
373514
373515
373516
373517
373521
373522
373523
373524
373525
373527
373531
373532
373533
373534
373535
373536
373537
373541
373542
373543
373544
373545
373546
373547
373551
373552
373553
373555
373556
373557
373561
373563
373564
373565
373566
373567
373571
373572
373573
373574
373575
373576
373577
373589
373598
374125
374145
374155
374165
374175
374511
374512
374513
374514
374515
374516
374517
374521
374522
374523
374524
374525
374526
374527
374531
374532
374533
374534
374535
374536
374537
374541
374542
374543
374544
374545
374546
374547
374551
374552
374553
374554
374555
374556
374557
374561
374562
374563
374564
374565
374566
374567
374571
374572
374573
374574
374575
374576
374577
374589
374598
375115
375125
375135
375145
375155
375165
375511
375512
375513
375514
375517
375521
375522
375523
375524
375525
375526
375532
375533
375535
375536
375537
375542
375546
375547
375551
375553
375554
375556
375557
375561
375562
375564
375565
375566
375567
375571
375573
375574
375575
375577
375589
376115
376125
376135
376145
376155
376165
376175
376511
376512
376513
376514
376515
376516
376517
376521
376522
376523
376524
376525
376526
376527
376531
376532
376533
376534
376535
376536
376537
376541
376542
376543
376544
376545
376546
376547
376551
376552
376553
376554
376555
376556
376561
376562
376563
376564
376565
376566
376567
376571
376572
376573
376574
376575
376576
376577
376589
376598
377115
377135
377145
377155
377165
377175
377512
377513
377514
377515
377516
377517
377522
377523
377524
377525
377526
377527
377531
377533
377534
377535
377536
377537
377541
377542
377543
377544
377545
377546
377547
377551
377552
377553
377554
377555
377556
377557
377561
377562
377563
377564
377565
377566
377567
377571
377572
377573
377574
377575
377577
377589
377598
378159
378195
378519
378529
378539
378549
378559
378569
378579
378591
378592
378593
378594
378595
378596
378597
378951
378952
378953
378954
378955
378956
379185
379518
379528
379538
379548
379558
379568
379578
379581
379582
379583
379585
379586
379587
379851
379852
379853
379854
379855
379856
379857
384596